3.822241344562056220e-01
-9.081131949232231770e-01
-4.564273890689603541e-01
-7.269294954948534171e-01
7.554007517766696544e-01
-1.012792432610383875e+00
-1.366968481594720564e-01
5.378951892179858474e-01
7.653877842362660777e-01
-9.047416888824633130e-01
5.095254010486539586e-01
-1.415337565023241650e-01
-9.326426579038887832e-01
-4.767726395871066392e-01
-3.411343647980704108e-01
7.576824465940137365e-01
-6.500260758584751608e-01
1.387477358203410116e+00
9.553708222762385960e-01
7.793834033876551048e-02
-1.402754115383895162e+00
8.203440189268887961e-01
-4.346970150606641048e-01
6.685727605383680050e-01
6.203623686774496493e-01
7.289351003324444633e-01
5.361421540105665295e-01
6.418990229175720597e-01
7.408191926404567029e-01
-3.722283374630907526e-01
-6.258515127485032581e-01
7.128849534319088299e-01
8.398924183165152879e-01
-1.096252869719833267e+00
4.408646082050858284e-01
1.459222090316308673e+00
-6.165417574556433244e-01
1.408684513944368444e+00
7.120625295321665327e-01
-2.897526894093307992e-02
1.244982038604402597e+00
1.653802770540444111e+00
-4.315799515918173346e-01
-1.076631383685759946e+00
6.178916231565828370e-05
-1.464733323592864345e+00
-5.648280961456036975e-01
-1.429799139658259444e+00
1.008415068890701066e-01
2.397715585969150798e+00
-6.107836704997091637e-01
9.027508355481138613e-01
-2.099843288664238750e-01
-5.848921646301247917e-02
6.707694375105456297e-01
1.513389551893338014e+00
3.080499233958357563e-01
-1.092077579897988704e+00
1.918191724443344626e+00
-7.215441002487437139e-01
3.012229001380126725e-01
-3.408796567339951733e-01
1.862925610010456590e-01
-1.281287753798443063e+00
9.124885818894864498e-01
1.140246884920782078e+00
-1.760810839887930745e+00
9.533776055194363719e-02
6.908378399452447249e-02
1.535854584060472705e+00
-7.591546239931883377e-01
-2.063547579187154438e-02
-8.918224151037668079e-01
6.478478495553484651e-01
1.278946994965707296e+00
-4.789634097540927393e-01
7.531643420565705682e-01
-1.611266215265426238e+00
-1.315074805198855890e+00
-8.477163821791611209e-01
5.637127133664828760e-01
8.271340895443303198e-01
1.318239273654700838e+00
-7.098953863796850783e-01
9.322480501997204572e-01
9.269353644796405334e-01
-6.040058745024926568e-01
-7.507343535465734741e-01
-1.655021689933737106e+00
-6.983313024727320906e-02
3.918003832139366205e-01
-1.286978995660628344e+00
1.763845211274182589e-01
1.492932524139795880e-01
6.719563846943399366e-01
-1.599812496061989942e+00
1.688199664010270995e+00
-2.588193514939967632e-01
-3.354173243112731351e-01
-5.214220793919850383e-01
5.392120859616159612e-01
1.327610435598014282e+00
4.543387194914869087e-01
1.105692322039245168e+00
1.928557445335137954e+00
5.300865533988452505e-01
-1.055910308555654487e+00
-9.171625641363247150e-02
1.560262550102069490e+00
1.096411109529919159e+00
-2.104091663753334118e-01
-1.081592785830824521e+00
-4.660951862746986474e-01
-7.910503586864181536e-01
9.249230826790351134e-01
6.733223554436791325e-01
1.764818126144293453e+00
5.885815961782484562e-01
-2.634766374658853993e-01
-4.973770336423014582e-01
1.242482428408278272e+00
-9.660541672216534925e-01
4.833954893014036913e-01
-7.387271225707695566e-01
-2.736082146556834127e-01
1.440600424902379884e-01
-4.562569283975922985e-01
-1.798229884556632185e-01
-1.071179032985577706e+00
1.338265691900795140e+00
6.565382905063984476e-01
-4.302112566618156997e-01
8.645767775655648357e-01
-2.780177413962927058e-01
-7.535810362348234204e-01
1.326943537860356015e+00
-6.531669131628500269e-01
-1.156451912228334766e+00
9.978660400918801798e-01
5.465489936008838256e-02
1.347457358382908366e+00
-5.508281541953076177e-01
1.354445140104610923e-01
6.089187024803690423e-02
4.181611948460243200e-01
-9.161567668997092628e-01
3.491906953914764022e-01
-1.057670395446003830e+00
-1.475706783814667800e+00
2.028792491821009403e+00
1.305961317158077062e+00
-2.359118162993705525e-01
2.980463955397790743e-01
-1.107475249283216057e+00
-1.621286906181494736e+00
-5.148923766060947704e-01
1.142574959112540700e+00
-2.182133431631400056e-01
3.420446891165430103e-01
1.195132344895011078e+00
-5.976480138308052359e-01
-2.132070408258452066e+00
2.146600421200858033e+00
3.809059597070462155e-01
4.402011844362379578e-01
-6.396570206891867283e-01
-3.547873118366192124e-01
-3.234483428832944374e-01
1.609366421140626946e-01
1.796908687128574211e+00
9.945024399192895492e-01
3.082890341420090885e-01
3.841861281281043206e-01
1.902892131649097429e+00
3.304659187702772838e-02
1.300257504455399130e-02
9.635128744597808437e-01
1.042493779383112384e+00
2.279687825021949443e+00
6.303166744977011238e-01
-6.630805135787046778e-01
-4.000976423758601519e-01
5.489022973687536222e-01
-1.344047412898080163e+00
-8.454945875816620715e-01
-2.421828374701900100e-01
1.823826543377554454e+00
-1.279914809819529431e+00
-3.258513241143556893e-01
-1.229384172657054686e+00
-5.354925072696826716e-01
-7.584599004251260657e-02
-7.907812044227368053e-01
-3.266754729639252952e-01
-1.487430457111592164e+00
1.216259295391417972e+00
2.369642968826476626e+00
1.018468199801125573e+00
6.435510491021020907e-02
-1.894514588163643154e+00
1.091782141361240521e+00
-8.760656688642155521e-01
2.271615835275432982e+00
6.234091051300950648e-01
2.276829083538705889e-01
-6.316299033661733064e-01
-3.100134420987746831e-01
7.193575235887920138e-01
-1.080893374334380708e+00
2.127172055805065742e+00
-2.425027103008995377e-01
-4.314148426240906331e-01
1.377144708141512242e+00
-7.696253390720175780e-01
-2.039749218287179033e+00
1.492133321973525106e+00
4.253683153269292583e-01
3.211633512154661307e-01
1.450104533595965695e+00
1.251012743041193032e+00
-1.185179805128951935e+00
1.383323128890870113e-01
-2.106051619890890181e-01
1.561118628858777280e+00
4.501852321607303087e-01
-1.660587551676726281e-01
-4.065198299652272862e-02
1.563270282446872494e+00
9.302332242810318341e-02
-3.154907827767768902e-01
-2.123843406818483714e+00
1.813885161351769915e+00
-2.474833144976388843e-01
-3.562648405737205981e-01
1.119304010955490369e+00
-1.065781600762287118e+00
-6.225889346722178475e-02
-7.493818738244683031e-01
9.287849410118294013e-01
5.969434936788501345e-01
1.593033113025450254e+00
2.052787454157873892e+00
-1.552076947069824520e-01
-3.389163826089155451e-01
1.772968501588740864e+00
1.829123540482813448e+00
-1.411338124022485818e+00
-1.832915047858696411e-01
-3.834946576922433903e-01
-1.643246957016750442e-01
-7.905711787615266051e-01
2.800753684542697797e-02
-1.234529343257391165e+00
1.887203038155780832e-01
-5.364470861531339674e-01
1.449044088903590044e+00
-3.069380970863974101e-01
3.286120293424306116e-01
3.533305633897873554e-01
-1.503493411769140975e+00
-9.935006335109807241e-01
1.086350326109500886e+00
1.096318853736777399e+00
-1.200767989969852012e+00
2.059594876776425776e-01
1.373454780220666027e+00
-3.663406701454994252e-01
2.143918888284228053e-01
3.241283841309601788e-01
-1.194234922264520549e+00
-1.236673472669815449e-01
5.732340551460167744e-01
2.926971975318309327e-01
1.978963321177985291e-01
3.470918839113096843e-01
1.091072800756119759e-01
9.076743570815601903e-01
3.381422183747102572e-01
-6.699469047322710313e-01
7.852532744571871781e-01
-1.925359527052979303e+00
-1.011052301882354509e+00
-9.862277101290380099e-02
1.215668596395722778e+00
-7.187219783784241922e-02
-1.881018408015990850e-01
1.797144649050156584e+00
4.414061631047845324e-01
2.942786697018772157e-01
-3.180837676674220238e-01
9.545058989387649184e-01
1.153852668459529385e+00
2.955927250187606603e-01
-2.347916729720246565e+00
5.243383342323396784e-02
1.473965628302356334e+00
-1.697871909163570336e+00
1.201057774939805034e+00
-7.473247430754628162e-01
-5.277622659517113846e-01
1.623249737786071289e+00
2.041874496473703171e-01
-3.146685153517420619e-01
-1.965677433489117165e+00
-1.420683503740950149e-01
7.998492072078470239e-01
2.160638829527220806e-01
4.356280477738230239e-01
-4.474955830704241411e-01
2.944508315722899616e-01
5.977872645991897382e-01
7.317268041059055150e-01
1.008188458060601533e+00
-1.200140512759594991e+00
-9.508427939770824899e-01
5.645146164606884565e-01
1.264079800646828344e+00
-5.372466924790865184e-01
-5.465559024455027837e-01
2.165546979728077304e+00
-3.944903688894365046e-01
-1.836407034918516867e+00
5.854746415364691092e-01
2.582912398899848139e-01
9.614900271888134897e-01
5.848804530576829919e-01
2.431567240491896709e-01
4.832011771724014637e-01
7.897226323770520917e-01
7.908442525562635605e-01
5.915267775849538667e-01
-5.495749106843584864e-01
1.381380154621281831e+00
-1.303916072203596954e+00
7.838323143941577920e-01
-5.451613203574984245e-01
3.069744076830283053e-01
-1.427383278373015596e+00
1.975299832881904250e+00
2.949402661853852692e+00
-6.553308620917239202e-02
4.583585645371074935e-01
6.830247618037220414e-02
4.860665542715172233e-02
-5.852103006960274884e-02
1.046118580179298485e+00
-3.222831666857888799e-01
-1.318742035720430472e+00
-6.994198449460562461e-01
7.008947290210466585e-01
-1.397069576827776084e-02
-7.870317032350387931e-01
-6.126205735686819365e-01
7.850277836960495303e-01
5.611960564307367783e-01
1.287487230280194739e+00
5.856633031329842032e-01
2.380087753102211323e-02
1.760245755702574355e+00
8.391589348905353907e-01
-1.959754214796729233e-01
-1.155391287452963933e+00
-1.140802872219337738e+00
-3.990658830807747304e-01
-1.462659791884538540e+00
1.262077512295019521e-01
-6.702413333339938273e-01
-2.069839922678144095e+00
-4.331320409445849062e-01
6.241878900365324112e-01
-4.704207080845164701e-01
1.863003545484360757e+00
-2.253529190058614629e-01
2.844187022421287847e-01
-8.471868893504042042e-01
1.006314683615070621e-01
1.353816909583805739e+00
1.543653486794371421e+00
1.660706690486063175e-01
-4.762783547800107375e-01
-5.887445035314214925e-02
7.486524073379966504e-01
1.116138546433870671e+00
-1.081961270020034949e+00
3.499185979844480210e-01
-6.903132381757829394e-01
-1.127233754871206639e-01
7.614523171954036274e-01
5.595831800916372112e-01
8.353856339644129270e-02
-1.256444131329008673e+00
2.104203774281243888e-01
6.114013328958135540e-01
-1.255425796134556071e+00
-2.451864713285191733e-01
-1.496695122552403889e-01
-1.770847255140758136e+00
9.355616621705574731e-01
-1.435356305673388233e+00
-1.256801802553999980e+00
-1.987104271049316528e+00
-6.239656695646098594e-01
-2.071791280409995273e-01
-1.002452849129001899e+00
7.528497342997171327e-01
3.859859818899867290e-01
1.620158617055598826e+00
1.202053134918580971e-02
8.535587252757467214e-01
3.004138907091972177e-01
-8.575231169877632620e-02
-7.692812827890310734e-02
1.786487405665005079e+00
1.189028387366448447e+00
-8.783415209549620961e-01
1.717760761524669277e+00
-5.677524087302585620e-01
1.070448838008935949e-01
3.394508361562685872e-01
-1.316846372307497903e+00
1.786359027544671463e+00
-3.105706466981529301e-01
1.264332844086912822e-01
-1.775545569034835819e-02
2.538704471990195222e-01
6.516056933351922487e-01
-1.457060376696461268e-01
-1.462047291231615809e+00
-1.235404328249434691e+00
3.980733108134505982e-01
-9.704527744335754713e-01
1.079692232217239756e+00
5.739014914523258293e-01
-1.517082093054098246e+00
-1.297593955860845361e+00
-3.858722602776995525e-01
-7.740666407697104068e-02
-2.695114949323027087e+00
-2.367116644349823495e+00
-1.339173424499201959e+00
1.502278262469970704e-01
6.221626742400474530e-01
-1.457354338611106748e+00
1.448398047909432274e+00
1.606120303246321379e+00
-3.782448123845611465e-01
2.818183838296387744e+00
-7.620850944038966013e-01
-5.925331576711240222e-01
-2.270202844222615757e-01
-3.122065043742318635e-01
1.259400543341193446e+00
7.846318126186169195e-02
-4.643080401311802663e-02
-2.178236238240770728e+00
-1.695560380312370885e+00
1.212399164097611726e+00
-1.171591678829201788e+00
-2.380992950198481672e+00
1.621980148246324749e+00
-1.365954867310023468e+00
7.117810975007086149e-01
8.178915593976006371e-02
1.199087131846015897e+00
-1.148762104998358735e+00
1.514831387020130204e+00
1.111564523883167066e+00
-2.377753925613640185e+00
2.030808271804023679e+00
3.226479256443486876e-01
-2.992804932278467223e-01
-1.345887822143184476e+00
-9.311596525802352531e-01
-2.959306287973584859e-01
1.030864103130504139e+00
9.048279883951158009e-01
-1.643136552198347089e-01
-4.185334263670818511e-01
-9.947332605006595219e-02
-1.002885008771143172e+00
8.693805766571420790e-01
-2.049383434047225838e-01
3.821918877831390615e-01
-6.679996686241185255e-01
-9.736692521226117392e-02
-1.640856700140358448e+00
1.093969862036379803e+00
1.038851517970981603e-01
1.220110597032807886e+00
-5.503780950594671095e-01
7.485773862261251022e-02
4.617845318331722376e-02
-2.075947011307366641e-01
-9.852447057093912663e-01
-4.095958662440368769e-01
-1.492361922113272898e+00
1.657421701337001285e-01
-4.798136262879843517e-01
1.084478838448248439e+00
2.733155010821569642e-01
3.452319805042528000e-01
2.119109057458344214e+00
-4.334574471182443545e-01
-6.247107471150196156e-01
-8.652339414936709439e-01
-1.483877617390927162e+00
-6.224203827785342209e-03
-9.553459354877741339e-01
2.003586017298183974e-02
2.602443741995134618e-01
-2.067036522030991641e-01
6.423301303843110821e-01
-1.697296706186268711e+00
-2.745016286574923983e-02
-1.241295962886261872e+00
-3.373775209265629793e-01
4.910459032421942149e-01
1.765983115406914994e-01
-7.671225890592857644e-01
8.606220640343563710e-01
-1.088854197803543200e-02
-1.833325859292418203e+00
4.823917885362532521e-01
1.415113924685165170e-01
1.014985740764793976e+00
-2.343868025282010437e-01
-7.404212744031501980e-02
-8.880043172026821363e-01
1.449733987476936381e+00
-4.695254685053001920e-01
1.073814776113019898e+00
-1.620642885324492521e-01
4.116377006353114099e-01
-1.375748820518968851e-01
-1.286469268348992445e+00
-1.349516454587017744e+00
1.198969834810072355e+00
6.091524276172800567e-01
1.355134618377886069e+00
-7.541808246594720044e-01
2.717432599443603825e-01
2.461126737283724886e+00
-7.533707113749205098e-02
7.920944260202782417e-01
9.057007959103193784e-01
6.023619989931005003e-01
4.453329857711365580e-01
5.783416820494166055e-01
2.422660209287033073e-01
-9.921742214169174123e-02
-5.612675578317156688e-01
-5.719362889030606967e-01
4.718615417278871488e-02
-1.217695820426749620e+00
-1.056772625974080393e+00
3.735747327266210061e-01
-3.391440384577834033e-01
-4.078204508370573689e-01
2.110321499482597507e-01
-8.822684274430540041e-01
3.052852069286777770e-01
1.162589548019321573e+00
-3.337338529294048978e-02
-4.900557281614087990e-01
9.408585464121890229e-01
-3.015089484317342028e-01
-6.943665343226952669e-02
6.791467171499452338e-01
-6.399238038309991161e-01
3.926954801893488001e-01
1.165359502359928801e+00
-5.491513914437190502e-01
1.448845208833893450e+00
1.871451059272605022e+00
4.104708677331649902e-01
-7.201692404004959025e-01
-1.243465709095534777e+00
8.962150999123528194e-01
-6.306763238334470723e-01
-2.274599579114560566e+00
6.954075976144381555e-01
-1.014678413813261182e+00
-1.206758175591822635e+00
-1.789532699906685176e+00
1.370602889655236467e+00
4.496535532965047488e-01
1.722626876180939903e-01
1.016866811576165430e+00
-4.657653894184788368e-01
1.739777804046380716e-01
1.273294555843860865e+00
-1.355992416867769779e-02
3.531921978950979812e-01
-1.956460576056553213e+00
1.119656248030559964e-01
-8.592316024991789591e-01
4.999829801523436035e-01
3.318928544716781559e-01
1.519218759546772102e+00
-1.238009836388702878e+00
-6.122864063660947709e-01
-3.822579079278461411e-01
-5.618340022928902666e-01
4.779077202880705477e-01
1.378352273984390086e-03
2.198136143136629195e-01
1.702201838629345543e-02
8.567923098374299329e-01
-1.558741964989263096e+00
4.948177025300541931e-01
1.334397220720157540e+00
1.021782904100639877e+00
1.323537096376423916e+00
3.921038027693226624e-01
1.702392780974029352e+00
-6.424233699789275720e-01
-8.698122044244541717e-01
-8.960186935794823837e-01
2.659204801213526093e-01
-1.838481684279563932e+00
6.882377273380969884e-02
-1.149139755197574830e+00
-1.003749614116952404e+00
-6.457115215829060950e-02
4.242355721761778553e-01
1.272179350680864074e+00
-8.227029155273877237e-01
-2.797917749888879091e-01
9.193006559867565874e-01
1.058371375388618141e+00
-2.041059218367241856e-01
-1.083346334301394043e+00
-2.438291265440943045e-01
9.754710314900217893e-01
9.472765459921302922e-01
-1.099048585094928532e+00
-9.703686185743368720e-01
2.512600168612210361e+00
1.889066673841168109e+00
1.490467182849509076e+00
-1.737237823516195601e-01
-1.309351757202984912e+00
2.247361902276237888e+00
3.894343219980653803e-01
1.039622357597766111e+00
1.063365419866373479e-01
-2.232972049112356416e-01
-3.542716300304213362e-01
-1.584162909514190143e-01
-2.601926569287158486e-01
-1.933287669662755226e+00
8.040363284031182278e-01
8.398248493671857107e-01
1.206876695327864901e+00
-9.427196535665691712e-01
-3.816607907013399026e-01
-1.923856417507047389e+00
9.164955905623812793e-01
-1.758208708167544321e-01
-3.601811852877632725e-01
-4.291724510879719734e-01
-1.054110041761779692e+00
2.433151918349114595e+00
4.734273788048362075e-01
1.167655407732940187e+00
-7.623643900839910392e-01
-2.979356556792077115e-01
1.302126873828352294e-01
2.582366943771694651e-02
2.159425713091389643e+00
2.546393059861204455e-01
2.982252402694269278e-01
2.580655493507378329e-01
-6.580001900560242811e-01
4.215696741545444381e-01
-2.474098916162821737e+00
6.841583726103761531e-01
-2.835850841882428530e-01
-1.337065205478526586e+00
-1.685784204816730969e-01
-5.717408733196275294e-01
3.935917141497060623e-01
1.540813475109850950e-01
1.082868089519925636e+00
-1.291196323580480643e+00
-7.000775155505566394e-01
-5.195051947713433260e-02
-7.528882878467809681e-01
6.623145430712443771e-01
1.368312699297568047e-01
2.223855265536487824e+00
1.303740995595002561e+00
1.324602125596839208e+00
1.600309694330282584e+00
-1.204658754138443477e+00
-1.819174191028323506e-01
2.154037976982755787e+00
-2.086195294281752710e-01
-7.682868401046700768e-01
-5.140601805644576250e-02
-2.414471773700538615e-01
2.543240898978568754e-01
-5.747768083946951795e-02
1.034518495517868786e+00
1.699039745155767278e+00
1.419913243514381480e-02
-2.010192513109843482e+00
-1.346103586760110105e+00
8.760540867177554203e-01
-4.330358559597111134e-01
-7.039724789863152088e-01
-1.718504194828364140e+00
-1.933117074697684235e+00
-7.447252547580229809e-01
-8.177499429583251489e-02
-9.350458586928607208e-01
2.563130623631340588e-01
7.403564866578844494e-01
-1.214082800871430390e+00
1.713049753480868853e+00
1.076944590905687837e+00
5.419753725365906716e-01
-1.627143137535109085e+00
-7.958476180619771245e-01
6.906392277775830202e-01
-8.591762480997738871e-01
-6.508261214774221370e-01
6.151064705425666190e-01
-3.818941949984563933e-01
7.612107595109105507e-01
-1.944893343977368294e-01
-4.530115811043690099e-01
4.461128172159818384e-01
9.007796728881957149e-01
-1.202473306061314418e+00
5.331677846696654122e-01
9.964094695548278979e-01
4.395131391252047326e-01
1.231827898772754004e+00
7.218687233982284956e-01
3.767456256877427245e-01
-7.993938863773661918e-01
9.220945819784700515e-01
4.423931856112481298e-01
9.314131354769834559e-01
-1.108555326503741778e+00
2.897449130371091419e-01
-8.019384423696698239e-01
-1.445477393899426144e-02
1.217753099370055159e+00
-4.055052362583188019e-01
8.659433573174170062e-01
-1.493097473286753463e+00
1.349809467691436948e+00
-1.082482056882500654e+00
-2.995873467587599759e-01
1.361017387046844718e+00
7.064193792311443953e-01
7.034627708842440263e-01
1.369011693904697680e+00
1.440484331289000108e+00
-8.621761854313745310e-01
-4.395382031893725894e-01
1.429619992478051493e+00
1.478438350673481727e+00
1.053785749064325650e+00
8.779999573722738759e-01
7.511585300331679038e-01
6.937112257147463046e-01
-7.732428664456528766e-01
4.247741399322417510e-02
-1.358652956290568703e+00
5.639832206639063678e-02
-6.856440064827582503e-01
1.642306167811832252e-01
-1.134392662972452781e+00
3.517066090538262246e-02
-3.057889065396687811e-01
1.496890264009244076e-01
-7.878966050782555408e-01
1.465955417039971342e+00
9.368213926275059666e-01
5.580728846638226548e-01
-7.201069492766486446e-01
1.969085815175636855e-01
2.535469351775263558e-01
-1.450516139532423976e+00
-1.111517497433399226e+00
1.685578942917988599e+00
-5.153425476457144938e-02
-5.430825042827865934e-01
-3.199288523553638908e-01
-6.425683670232319906e-03
-3.276022659595543285e-01
1.151481931129749947e+00
1.086372877407739967e-01
7.445772955437326424e-01
2.161353829536983628e+00
-9.072786436015762845e-01
-1.549392175619285883e+00
6.142134597683401864e-02
-5.277246529250321228e-01
6.409595563953967012e-01
6.173970638393589949e-01
-1.385488034680430469e-01
-1.508838147721828504e-01
-1.419604736422724001e+00
3.032897816377583822e-01
-1.378788620719056723e+00
9.274897029986616248e-01
1.573999149580298074e+00
-5.965504038837139422e-01
-6.113194466076060651e-01
-6.119855092099029115e-01
-1.482622829807274334e+00
2.529248681340852123e-01
5.139584187975844154e-01
-1.925127630594335726e-01
1.472820237395645826e+00
6.532403261518491266e-01
-2.100747485164865536e-01
2.866719851601803870e-01
5.724316501438292404e-01
-2.832216683635273569e-01
-3.777229081524104970e-01
-4.475312627826759093e-01
2.993786713064198746e-01
-3.508429264231329170e-01
-5.346133742985005322e-01
2.032314986654937261e+00
7.195397009785878817e-01
-1.330483080286506414e+00
-2.023520660990723918e+00
7.413528610146629359e-03
-1.263237192833080336e+00
2.355059844662719559e+00
-1.305866301205290458e+00
7.594156872812701797e-01
3.184260118695751540e+00
-1.123849505827777095e+00
1.459075457638029649e-01
9.302115080997542806e-01
-9.897359500172547842e-01
-4.011345254079355382e-01
-7.763489071508998807e-01
1.218133714995261352e+00
8.731289083015137953e-01
3.240017147409791076e-01
-3.226321789176152532e-01
1.604745396698253335e-01
-3.128732409324456228e-03
-5.321912973484956844e-01
-1.007352239827990381e+00
-5.645117927965193072e-01
-8.934606499640461719e-01
1.106959232183348796e+00
8.520114239298993697e-01
-1.121495526777964269e+00
4.861385357773175819e-01
-4.773212270104135735e-01
1.852176369984124049e+00
5.037159516134147585e-01
-7.497699879707331316e-01
-2.261874285577465671e-01
-9.384157100679522134e-01
-5.139276473449613247e-01
-9.697114478048421971e-01
-6.919556042011629736e-03
3.840910642351320625e-01
-5.694086875405477421e-01
1.836267768199146611e+00
-1.441459306498813486e+00
1.089442307908206953e+00
1.500925164376966103e-01
1.048700971029239870e+00
-1.173434520728675740e-01
1.747935897929748517e-01
7.194320686271569176e-01
-1.222513326232614467e-01
-1.434250134681401168e+00
-1.524962088210561673e+00
-7.055289991207512601e-02
1.213593687953404415e-01
1.163364412023395911e+00
-1.353032879947035638e-01
-5.366645332307414806e-01
1.934917580885999966e+00
-4.368751789172319877e-01
-6.931192267526533612e-01
1.742570268704118686e+00
2.264778358649362777e-01
-7.134395890080788005e-01
1.170767853029244021e+00
2.782829614804183116e-01
7.960043710467316069e-01
-3.965760618655137515e-01
-1.095031347568158564e+00
9.296679636509941336e-01
1.082932762940703730e+00
-1.222676167146750092e-01
-4.367753187026778838e-01
-3.223960788241220787e-01
2.768497963884196666e-01
-2.634837600373385769e+00
4.468787121906133142e-01
-1.136215541889059377e+00
2.178203868770519414e+00
-1.115578380888894383e+00
-1.713748137922347370e-01
8.603303906011146029e-01
-1.836146160358226087e+00
-2.004648021169594951e+00
2.095957057044478322e+00
-1.259404921865988070e-01
-2.722011920563322529e-01
4.659071156036662109e-01
-5.151365494501113362e-01
4.464729505643239560e-01
1.480205979556938223e+00
-1.998817880054161444e-01
2.514764174379876538e-01
5.872217710018406284e-02
1.131523916419752140e+00
8.862557941336334233e-01
-1.448876073247416185e+00
-1.241355193814246832e-01
5.942401057144722776e-01
7.860109409898442534e-01
6.724724234069624496e-01
1.054785291299059402e+00
-8.138998796750599451e-01
-5.898948056839387055e-01
-3.394545689745036288e-02
-4.910945373407125669e-01
-1.658408857861948915e+00
3.462124379897247445e-02
-1.595090545987439545e-01
1.887491132435517305e-01
1.105537055329389728e+00
-1.121310394108072206e+00
-6.148140444237096824e-01
-1.367060911906575305e+00
-1.581008222077256442e-01
9.610896967051867357e-01
1.665836243263680405e+00
-2.892809251711062402e+00
4.274444535858211158e-01
2.261328724466593609e+00
-3.779300853049140652e-01
-1.519803164833432030e+00
7.246303663157472874e-01
1.420158677491179189e+00
1.335089577126665206e-01
-3.659823381447137591e-01
1.600483431681299085e-01
5.761762933868526115e-01
1.269267709527020616e+00
-1.948419158298083098e-01
-4.427327532265586951e-01
4.299988274826511692e-01
2.573889901318404116e-01
-7.257952800346485489e-01
-1.014238994812777683e+00
1.175189229537891622e+00
-1.526432073872914519e-01
3.117532179805922177e-02
-8.707258611084213173e-01
5.477782034276483802e-01
-1.500066539982525038e+00
-6.237068531469661670e-01
-1.314913118014491733e+00
5.567730906988577200e-01
1.155394789860054283e+00
-1.385806860689289821e-01
5.295226536188457622e-01
9.236744140281437643e-01
-3.360676562202535300e-01
3.483605902424770084e-01
7.223330519623427648e-01
6.132383056790792208e-01
9.318175405674296030e-01
4.904080039804568081e-01
-7.367226350376134825e-01
6.264316084141156038e-01
-1.889628587244312374e+00
1.232989598089819783e+00
-4.484966833390478524e-01
2.538133743327505076e+00
-1.784524722484409631e+00
-2.741218006705101740e-01
-7.365473646961809839e-01
1.171386541379159985e+00
-5.551785056594434886e-01
9.787385849952194850e-01
1.600015143394726724e+00
1.236545294975187059e-01
1.715546296446109009e+00
-2.639863730821763732e-01
-3.566253182725444004e-01
4.462620426335372481e-01
2.106390689477036560e+00
3.466732694826975547e-01
3.307417863659956742e-02
-2.579989143470072577e+00
-1.160934535565865261e-01
-1.291072327518844876e-01
-2.892898962678039920e-01
2.121574929144995014e+00
4.254436805425440560e-01
-7.583257728657544217e-01
-3.846074082310775855e-01
1.733907681818949165e-01
-9.085320434114986243e-01
2.313087252450935161e+00
1.078614007955420728e-01
-3.578361506864446429e-01
-1.017070218151440386e+00
9.219024514611642296e-01
-8.634744607040324427e-01
2.205863527771710075e-01
-1.096353952418346767e+00
-1.020776247855516711e-01
7.996298705720014111e-01
1.006379180831807885e+00
-4.267867296706354119e-01
-2.952791504774264220e-01
9.737953162324548551e-01
-2.776917630568876305e+00
6.625276361942843417e-01
-6.530691691477953364e-01
4.813655713801322511e-01
-9.802585604806816899e-02
1.662712723051794350e-01
2.728484204937087765e-01
-4.942125076492974167e-01
-4.980455803609130094e-01
7.432435324920274589e-01
-1.298546605411807109e+00
2.132573374022655344e+00
-2.749026891848751486e-01
2.730789175273692915e-01
5.848649083576950014e-01
4.600094003734270243e-01
-5.973534404741100839e-02
-1.850272627997285035e-01
1.536348009809706261e-01
-3.317713554100756856e-01
-5.800559439612418267e-01
4.163717625559435476e-01
-5.647579960149164968e-01
-2.547795161836417854e+00
-1.495900124402205211e+00
8.804984342483516968e-02
-4.793946381479142205e-01
1.302520274878989470e+00
-1.372433560363338856e+00
1.455191022296086212e+00
-6.735703744733321230e-01
5.393342745403701954e-01
6.194905169430268976e-02
-1.810128952217421039e-01
-1.630970290320005400e+00
-2.600325135538431032e-01
-4.214099370770537645e-01
1.338467007261333885e-01
-1.378535536366928049e+00
6.544195232062897938e-02
6.811232030389571257e-01
2.744670714234086484e-01
7.896845797882230400e-01
7.879523754527619772e-01
-6.119913608686530226e-01
-7.049242959463554448e-03
-1.589620128074333394e+00
2.350022508530520859e+00
2.251596504484519645e+00
2.108730581473143573e-01
1.928777838883942441e-01
3.192401335976848831e-01
-4.489769981131754850e-01
-1.706415933325484247e+00
-7.299074445646142051e-01
4.358773057999114353e-02
-2.195619773984226697e+00
1.136045190361703483e+00
7.411966813478417793e-01
2.273369298129357396e-01
7.091517442402335281e-01
3.757648238998328449e-01
-4.190475119268732840e-01
5.458872607499924978e-01
1.224502490015771050e+00
8.352868457606478225e-01
-5.009363306961880369e-01
8.398750576544995461e-01
2.086908151618311003e+00
-5.286633518369710655e-02
-8.414161899306343839e-01
9.629042925352750970e-01
-4.232683947262980695e-01
1.273886607465002596e+00
-1.133179937954067240e+00
-1.245295325844745005e+00
-1.089661919209083951e+00
1.033378681815896982e+00
1.870902563364347515e-02
-2.486023143019387316e+00
1.120010024423809813e+00
-1.541075297775293729e+00
-1.020591349813149806e+00
2.622122367585753455e+00
2.407617429240327678e-01
-3.885212331402290893e-03
1.020283597565697642e+00
-1.070301095615842968e+00
-8.544888383502019513e-02
1.769966488666954163e+00
-6.110830490930002634e-01
7.785189539028204708e-02
-5.966691479421890598e-01
-6.011348618941995958e-02
-2.305019439627884748e-01
6.675362396219547412e-02
-5.135383384527040240e-01
1.457126546163612923e+00
8.538844762984587611e-01
1.739433764298721208e+00
-5.179565127118576084e-01
1.566297926856655476e+00
-1.363395218148560017e+00
6.582438087763369250e-01
8.560812457218558436e-01
-1.868166148011364269e+00
-7.280164667237298826e-03
-1.870995932981995291e-01
1.589984714717705083e+00
5.473678852835148767e-01
1.899883555000060065e-01
-1.013875876599938497e+00
2.991270357523885703e+00
7.530546800526468632e-01
-2.954107764009952675e+00
-3.930751187810575531e-01
1.301423462008903242e-01
1.509304312495025613e+00
-1.726603912675547248e-01
-2.302128962255742817e-01
-5.639236233441261570e-01
-6.246901233132181597e-01
-1.840134205225691710e+00
4.845271976695521010e-01
6.832844477528542404e-01
1.122794865231071748e+00
-1.414682820731827606e+00
9.277981644633145342e-01
1.336568108114249108e-02
4.985641580896195690e-01
-1.392045525995518340e-01
-1.349772542265086639e-01
1.452636280165024441e-01
1.418749265573471030e+00
1.034297470086865012e+00
1.452409760975125641e+00
-3.559631684087906089e-01
-3.280604058086116770e-01
7.570623986060269761e-01
-6.474103709082856817e-01
-1.001352373575253196e+00
1.242367315916278026e+00
-5.403530901964099797e-01
2.068203329302031879e+00
-1.043135159093335762e+00
-2.116278750987696800e-01
-2.670365241297666392e-01
-1.768946974450682497e+00
1.300578930746155437e-01
-4.934192325875795260e-01
1.548710965393565564e+00
8.349325281474565541e-01
-1.402919069193540924e+00
1.078761281156674245e+00
2.213824331982817473e+00
-1.032632583613756871e+00
9.661985979665381752e-01
1.027780584351109860e+00
-2.148373632728478866e-01
-1.888021544303061239e+00
-2.772344603694721354e-01
-2.357499772296065277e-01
1.383698363662979602e-01
-8.803709820014353760e-01
-2.345376746665938095e-01
-6.164014360621195010e-01
8.513098793607852821e-01
1.097806766158640146e+00
-1.990649711416288270e-02
-1.461189822843479424e+00
7.486016489614019109e-01
1.476616591512611487e+00
-4.546256368815587701e-01
-1.068331936187304487e+00
2.416474427394349478e-01
1.344953243823135804e-03
1.711237691607195022e-01
8.756411230332633577e-02
-9.247980695663250428e-01
-6.504736474681341862e-01
1.238976245552843247e+00
-1.901510329031820712e+00
-2.679036140842904201e-01
-4.226589499953865015e-01
1.158051123143261529e+00
-7.970252789542087157e-01
1.555993412749119842e-01
2.866774454381060266e-01
9.293373543817267102e-01
-1.578450184342985008e+00
-4.364127069904192302e-01
-2.248433567352390583e-01
1.108187364161023591e+00
-3.868982336039571424e-01
-4.791866465086029314e-01
-2.408879323403814166e-01
-5.612263645547471008e-02
3.128404542950357498e-02
-5.319546539266053475e-01
1.919676284529290067e+00
-3.644724815322691325e-01
4.872975816282113515e-01
8.498462347641756454e-01
-1.394251528333523504e+00
-1.557904277390122827e+00
9.785533284754271977e-01
-6.583562914865935811e-01
1.537252548787478856e-01
2.831254993008195386e-01
-1.684043874773127891e+00
-1.222585338644323727e+00
1.656339851397861551e+00
3.150701284392969925e-01
-1.162983186585618903e-02
5.271809570854010252e-01
6.564160253368697129e-01
-3.300541764051737048e-01
1.299933209429172898e+00
5.586035494577154537e-02
-1.128000084872742503e+00
8.107247300063632478e-01
4.712556998223493832e-02
-6.126276696478670791e-01
-8.462178378338025553e-02
4.035787949808467001e-02
-2.457316996973059720e+00
-2.206795334532037689e+00
-5.631739408249687440e-01
-2.225407131688049489e+00
3.056116325742083140e-01
2.387869811313918789e-01
-4.040204861896240507e-01
-1.159591137609755490e-01
-6.918074480591512865e-01
3.386354339646040490e-01
-9.093409344685982054e-01
4.978223671227168246e-01
-9.278543469623931061e-01
-7.791458290610063162e-03
9.251181650238546883e-01
2.786391584865052090e-02
1.523096698073114208e+00
-6.048475969118658480e-01
-7.334780511434930705e-01
-3.276434400715958262e+00
-1.185541095399918060e-01
-3.239656457415579505e-01
-2.118381715948752797e-02
7.135295622110409131e-01
6.349415520736996221e-01
-5.578980859554405480e-01
-1.511392045830827646e+00
1.573464048466271192e+00
-1.153641415265323072e-01
5.786917972649989125e-03
-1.614627839724972036e+00
8.376170663667082961e-01
2.631094978162877296e-01
4.253219245592766984e-01
1.272692156420802911e+00
-1.344588394865886549e-01
-8.053865807520222964e-01
2.467158010339883800e-01
-2.002306866677104336e-01
7.126181799276800621e-01
4.319249494792232885e-02
6.957036839768893088e-02
1.170786846757650324e+00
-8.817241831361894988e-01
-6.442767245813061372e-01
-7.044993261299572485e-01
7.191111924604862704e-01
-3.542584463071403178e-01
-1.177936371442087848e+00
-2.035050724702055724e+00
-3.394098151366322647e-01
-9.154966580053368608e-01
1.152423620471034749e+00
6.721735446198205954e-01
-1.570093449808985575e+00
-4.014668120043360378e-01
6.061237192811645969e-01
1.702863081534951251e+00
1.313720806553791531e+00
-1.015792697951555690e+00
-5.815439792937273505e-02
-4.342668475487548863e-02
-1.671081132375256406e-01
2.912364106187398383e-01
-2.291812334878400303e-01
-7.252657753749877090e-01
-4.642090381065442917e-01
3.576267381234889964e-01
5.770718311947601459e-02
2.123064300412724204e-01
3.506538704926340788e-01
2.228413333128400065e-01
-7.523287174946817757e-01
-8.901181453411866062e-01
-9.364129004674062173e-01
1.137330121353613777e+00
-7.321797897092050533e-01
1.584795380218851024e+00
1.510456119615494197e-02
1.622934503162988262e-01
1.179330080622350119e+00
1.073416868269376545e+00
-1.309473367759319773e+00
-4.782831738919265246e-02
2.076033038352931570e-01
6.601971916821792741e-01
-7.343650806825831046e-01
6.870952907063747339e-02
2.414749700005467681e-01
5.256645294546453684e-01
-2.000573196659551911e-01
1.484499970769460164e+00
-7.109834244649467783e-01
3.525452158302144201e-01
-3.310857455519799486e-01
3.416909370607010277e-01
-7.433971577516210738e-01
-2.827647578623556646e-01
-7.293077519076929249e-01
6.495895133179493408e-01
-7.136232570549208010e-01
-7.777959130126479437e-01
-1.108571825305682879e+00
-6.921903574448919905e-01
7.587242802069408265e-01
7.394502033328748114e-01
-4.388434769644227740e-01
-4.470619990128533727e-01
4.926167866332530343e-01
-1.064128758137027120e+00
3.772692764096104434e-01
2.331884957909578782e-01
2.679214703900142935e-01
1.544767059167683643e+00
9.969716842743404639e-01
-1.660843082206779231e+00
2.000824821636365547e-01
-8.978542906216254726e-01
-7.461252485308935700e-01
-3.276342249053292854e-01
-1.341067307111439399e+00
4.617278896742086358e-01
1.274162497894558932e+00
1.141517216954422882e-02
7.711525461085962929e-01
2.468542318767838195e-01
3.848960587641125919e-01
-1.362946381442402100e+00
1.864363864266683324e+00
-8.088146036660241083e-04
-1.154107184887152471e+00
-1.420712380173700273e+00
-3.018794338674040123e-01
9.440994859923431681e-01
1.982604042157181667e-01
-1.920359124491413660e-01
-2.401502441408535637e-01
3.068589404133046372e-01
5.367941022736383294e-01
-8.649794610717221888e-01
3.725019489955528895e-01
-1.059882240230658024e+00
5.769640712034547203e-01
6.132027054754203288e-01
1.409113079952688252e-01
-6.028391680974707345e-01
3.080095874970911196e-01
-4.148104857361518127e-01
9.617349334998461785e-01
-2.936833921000003844e-01
-8.843936234261209339e-01
1.262156585276589693e+00
1.497644458188968519e+00
-6.667082033041802358e-01
7.364526082336487756e-01
-2.647385520215685073e+00
1.391648007215382232e-01
9.790007503289079871e-01
2.317697496405579372e-01
-4.817035498035747154e-01
-7.467726920001137580e-01
1.768462044644060649e+00
-5.959971630672762366e-01
-4.243526758182089575e-01
1.222299940476345270e+00
8.044508303694172247e-01
1.081465622671396343e+00
2.248934407455025930e+00
1.245787519363155127e+00
7.305070413157628562e-02
-9.510450872831350821e-01
-9.569343567528685313e-01
-1.364837115697701719e+00
4.299110818923030375e-01
-1.365252650528893552e+00
-2.924312403441370889e-01
-3.745137692662788842e-01
5.200790162729771460e-01
3.100387698638636391e-01
-4.048601803801524929e-02
1.060587386130124710e+00
1.518436409036713342e-01
1.594925559781464663e+00
-3.137076679896787512e-01
7.081871912964291527e-01
1.317450468439382627e+00
-2.065570431872332247e+00
-8.224012662091503278e-01
-4.800520299382403100e-01
-1.393896555395205183e+00
6.306242960685330967e-01
4.711108919985141502e-02
-4.202626821692819203e-01
-3.292915530614545783e-02
1.880468031341956170e+00
-7.032961924428399181e-01
-1.567246927135700130e+00
-1.087098335913164293e+00
7.020143526770408204e-01
-3.792977883505009862e-01
-4.925765662273682288e-01
-1.634613672725060196e+00
1.132974620563350854e+00
1.155423424283884420e-01
-1.242270288911976994e+00
6.686664700097916247e-01
-1.614217417728660287e-01
1.291690515738788125e+00
-4.809206617082375512e-01
9.563931428670973123e-01
1.042734021163139291e+00
1.364181550814895338e+00
-1.089067027936521992e+00
5.206174863097393635e-01
9.997285460267327784e-01
-1.765236216192229701e-01
6.630596363974252672e-01
1.374002801865719992e+00
-1.431735880766039359e-01
3.921268356008072442e-01
-3.131633989591711686e-01
-5.224521759501353779e-01
-1.085669591463349765e-01
5.198077676041240602e-01
-5.337107842612779512e-02
-1.040690739162034806e+00
-4.098925376488267713e-01
5.712924490243969089e-01
-6.746550163380762299e-01
1.412059260825837825e-01
4.582138183911327878e-01
-7.987441380138301517e-01
1.297051542624825561e-02
5.141112098863158675e-01
3.767046875006808127e-01
-1.712305789270960332e-01
1.239018405540096346e+00
3.159882609609230425e-02
-6.436293973730061041e-03
-1.689135616315211585e-01
-7.293808243724299034e-01
-3.719343244524677128e-01
-1.333242260171813909e+00
-9.895575817086832426e-01
1.015096206763873576e+00
-3.810109807414062688e-01
-6.985023004457310281e-01
2.130493542012669439e-01
-1.226277967078495790e+00
-2.189435214897946791e-01
-1.234813473423675312e+00
-2.397037059057627664e-02
-2.006529893974316359e+00
-7.302248372959001532e-01
3.278179278726163215e-01
1.439653900897112315e+00
-2.438924605641468624e+00
-2.016950818274954871e-01
5.072226554677881083e-01
1.065243694312444145e+00
1.698250010575794722e+00
9.536529911529476045e-02
8.193043967742928702e-02
-1.976435400097959372e+00
-4.032655041952398767e-01
2.373868719331272192e+00
4.399630490842843522e-01
-1.707548515234658948e-01
-1.266952861787344897e+00
8.309967770889802319e-01
6.244852950550069393e-01
7.270599388475369462e-01
5.607274560579641465e-01
2.953238223954904651e+00
-1.098061372935393187e+00
1.489666542592511522e-01
-2.076883202592966882e+00
-1.680199632763295162e-02
2.668741347618547866e-01
2.309895587041468912e-01
-9.314832640708098355e-01
1.980075486623554537e-01
-6.581031821533921411e-01
2.478899385367614006e+00
1.697473305365599705e+00
-1.181768329635137782e+00
2.006208169003408592e+00
-5.742540163693442556e-01
1.357351604550053104e+00
1.236088506776169327e+00
-1.454136385849664689e-02
-1.479863642188372408e+00
2.061795920878067179e+00
-1.777963053588232922e-01
3.381684851631321931e-01
6.543049166996220967e-01
-5.824591978707348572e-01
1.341829269477559761e+00
8.258178253479352415e-01
1.478165263652608252e-01
-8.107313096850815581e-02
7.503274369246574205e-01
7.658610842062688606e-01
-4.434438563341310674e-02
1.028567703339501982e+00
1.182249765291087940e+00
-1.760963528039148684e+00
8.673945907406492573e-02
-4.454681505757137616e-01
7.355183173824330067e-01
-4.660304180403939123e-01
-2.217060942857433381e-01
-3.421410176491769262e-01
-1.172491489382609720e+00
2.625675672119680559e-01
-1.266733114018268713e+00
-1.654118198356482994e+00
4.522470305042393113e-01
-6.976438122769673678e-01
-3.271447414007248866e-02
-9.495831692682760172e-01
-1.077414254029046781e+00
-9.913290510091254948e-01
5.068255626643121403e-02
8.662047743300674285e-02
-1.221359214608037425e+00
4.086377731906919442e-01
1.437605752589304342e-01
1.140172172616468638e+00
1.031090058512104807e-01
5.628430344981356637e-01
-2.325240526470663538e-01
-7.954532104686817817e-01
4.986812236677036769e-01
1.719460276387110576e-01
-5.705691934854728586e-01
1.061337065218570519e+00
-1.901357305709339973e-01
2.094300431014958219e-01
-1.113682887097950713e+00
-7.722629279446188155e-01
5.571368408910131187e-01
-4.207425182775689776e-01
-1.292261014204846070e+00
-8.782420149922999242e-01
1.278559296232910647e+00
4.840168690741456503e-01
-3.918000495171414799e-01
-6.416585796596238067e-01
9.836131314803703285e-01
2.085309238674628585e-01
-1.954671869178335741e-01
-4.385952628346754811e-01
-1.558037832825865665e-01
9.756396351163398872e-01
-6.018706240833295862e-01
-3.754493165780884434e-01
4.719762369422805803e-01
4.735944537046092306e-01
-5.409052577248889548e-01
-1.247900993774823108e+00
7.709080985344455295e-01
1.226265836506518880e+00
-5.296921973058108524e-01
2.088595568180453554e+00
1.381499530370047468e+00
1.716884616377527095e+00
-7.977687147361236519e-01
-1.889362796926524535e+00
-1.132556458157407686e+00
-4.880721623057997505e-01
1.157927667218529126e-02
-4.993924726531081548e-01
-1.231309496461580277e+00
7.247053786620000215e-02
-7.091994852979052744e-02
-7.048928424022107841e-02
7.727435633335476284e-02
7.616934053434569474e-02
-5.261578875628175611e-02
-6.570523644792920781e-02
7.623937638709453457e-02
-7.015868101126518375e-02
-6.764647904394227584e-02
-3.005126109529713749e-02
-3.773359585653214554e-02
5.645771968787782757e-02
6.892476868632531339e-02
5.423167687917788971e-02
7.826014942206707681e-02
1.367810689461744760e-03
3.674101001516724609e-03
-9.807413114757412029e-05
-6.682269084588841890e-02
1.550714104513976812e-03
1.205268799937300652e-03
6.960329577539101087e-02
2.440407358223309429e-03
3.990790541274751718e-03
-6.781305543650781309e-02
6.871396935584177246e-02
-4.595220249026522874e-02
-7.277450854478070830e-02
-7.187730693644112101e-02
-7.244286657849711986e-02
7.604041373241726687e-02
6.115651672021391039e-02
7.636674835747958578e-02
7.032081821703357882e-02
7.782407344250434622e-02
7.508068462595936243e-02
7.698306332968739285e-02
7.254106042874937377e-02
6.719602446661811224e-02
7.509064978210452934e-02
7.296255306539439767e-02
7.394898192738004472e-02
7.124660204195958080e-02
6.895178387856708280e-02
-2.835269331788577499e-02
7.673422996165174537e-02
6.942894867235130385e-02
6.895178387856708280e-02
-2.726637448350786690e-03
-3.777679479911419391e-02
-5.471875321274768944e-02
7.592757610571045090e-02
4.625760323732734658e-02
7.385165279980017428e-02
-7.183935351863741936e-02
7.472266070552531503e-02
6.905486150528683531e-02
7.617394435402034814e-02
2.816732759129317656e-02
-1.930108762046183271e-02
7.353642713594989166e-02
7.662448953757167169e-02
-4.298380787759874949e-02
1.043581377002792375e-02
7.498572612502042711e-02
2.097426921651364927e-03
6.246007030356770951e-04
3.035171929033167459e-02
2.648667535042527159e-03
-5.884577736910315965e-02
-7.192689714401122314e-02
-6.662387606527922501e-02
6.809591400209594192e-02
7.411383122182335637e-02
-7.121273926655689868e-02
7.201979714175106573e-02
6.825910693304663990e-02
-4.738267657956139745e-02
-5.302988701685806133e-02
7.690862248431180881e-02
7.735777605290121428e-02
-1.889614874230977288e-03
7.053459502535291969e-02
7.728374025544546000e-02
-2.385286763294279869e-02
-7.379135238925525753e-02
-3.217972752177649526e-02
6.457607131219836837e-03
7.271974271402024959e-02
5.470978617045348102e-02
-6.119051430327011876e-02
4.387682387288154018e-02
6.751795687343525865e-02
-6.230880557859638097e-02
7.102124219843344854e-02
5.187265880550605973e-02
7.468998308856932000e-02
7.526570490846402894e-02
-6.407295936930322566e-02
-9.118902777630541467e-03
7.229990512469708364e-02
7.225539372519233783e-02
-4.390119441088952135e-02
7.423530934930103187e-02
7.598850961297110018e-02
7.212940566280170995e-02
-3.927592256767792334e-02
1.199109040432669001e-03
7.291193393208228457e-02
-5.101257795249591193e-02
-4.897440456943823878e-02
7.046748545818458387e-02
7.699897421834078770e-02
7.653586921634064622e-02
-6.261987927171028256e-02
-4.620686621255801901e-02
6.602168235572035415e-02
6.171635304262002020e-02
-2.222939365054739727e-02
-6.935032991377919342e-02
9.888667852800416512e-04
-7.030054424257925483e-02
-7.177255801641836686e-02
-5.881114431852607627e-02
-5.675547383965740683e-02
6.301377603352070755e-02
2.889711064347654044e-03
-8.895842677245698483e-04
-4.340441008916280652e-02
7.580340465398503758e-02
6.979912754823183740e-02
-6.582862838054304166e-02
7.580340465398503758e-02
2.213118777962633579e-03
2.811806804514556130e-03
-2.495242983456983765e-03
-4.551910744889389043e-02
-4.064026390351117152e-02
7.110583038939860545e-02
7.522813386987141360e-02
2.371859348293452543e-04
7.498290529412211802e-02
7.177852594094108474e-02
-6.523082502289719031e-02
9.765305916292813491e-04
-7.188334729100023801e-02
-5.052014886186496911e-02
7.235548978798708730e-02
2.892116686507203646e-03
-1.288961704067296144e-03
7.146669487932501286e-02
4.399229346210770174e-04
-5.260605746607150551e-02
-5.040859377898741084e-02
7.676920610402424190e-03
1.055285421899481704e-03
4.056147655306941921e-03
6.746662933769617676e-02
-2.518614189395110628e-02
6.580509455719195031e-03
4.752599568356882104e-02
-5.892535252748630492e-02
-6.455392230109355256e-02
6.461821366028609737e-02
-6.471658132051039125e-02
-6.942536149097650044e-02
-6.801133928890396030e-02
-6.942201077605489323e-02
5.080073246897301442e-02
6.078715002261250375e-03
-5.069370781817517102e-02
2.835239881423207240e-03
-1.446750505083018584e-02
-2.254491322931499644e-03
1.104629146586227082e-03
6.298957524333925750e-02
-6.541580852344212882e-02
4.867549916881700541e-04
-5.585857108794309994e-02
1.104629146586227082e-03
-5.155133313969754300e-02
-4.475014176053843107e-02
3.657195944940648535e-03
1.708367378999203247e-03
8.438089632328239428e-03
-1.400930729803099954e-02
-1.454060394877060595e-03
-1.454060394877060595e-03
-1.528651848986016873e-02
1.917853348132481355e-03
3.050973324623528372e-03
1.909126479944915113e-03
-3.100523564992272926e-02
2.283214146033104783e-02
-6.520617509734109862e-02
3.559382684758628096e-03
-2.806501164270426910e-02
1.713884066375644284e-03
2.849179503379187586e-03
2.864092348987756168e-03
2.935868417465798590e-04
4.184746110355236706e-03
-1.277394984921438256e-02
2.948426677189493666e-05
2.864092348987756168e-03
5.686044906430381268e-02
-3.086618596100993567e-02
2.966297699408224596e-03
1.020379829809408417e-02
3.393686830729361528e-03
2.194792764312827969e-03
-9.526102010376025827e-04
-2.215336952110902660e-02
4.527560282477020425e-04
2.724138068109738416e-03
-1.102028058604708231e-03
-3.186638008048753301e-02
3.344647359964315371e-03
2.793395085097934941e-03
-2.287396814062768458e-02
3.366847352296625795e-02
1.286731627652874278e-02
8.076107046454287369e-03
2.637196867321548593e-02
1.098006183266164899e-02
1.876175952284247356e-02
8.059630378243358428e-03
1.133986681292412958e-02
-5.334200100831822111e-02
-6.316625997800998094e-02
5.305808760586294692e-02
-3.346220035797826259e-02
5.931301155582868051e-02
5.937626579887855111e-02
8.847625145757011950e-03
6.862591837137654686e-03
-3.663673607953844055e-03
6.862591837137654686e-03
-5.317085357701644560e-02
6.862591837137654686e-03
6.862591837137654686e-03
6.862591837137654686e-03
-9.316119982900489607e-03
3.493912316006562990e-02
-5.877777091638908963e-02
-3.131305048301784300e-02
5.849794987650035714e-03
7.596761714550089722e-03
2.544717231414942923e-02
3.519782649131391380e-03
5.910520365809063432e-03
-3.131413335984977592e-02
-2.558517077782792790e-02
7.869905899587286563e-03
4.125393854346652220e-03
-3.326434911787506943e-02
7.894616237708077314e-03
5.502001753319177985e-02
8.403421843915298214e-03
8.801671365292407928e-03
1.291343294502365034e-02
8.618962140565102070e-03
6.154703099176222873e-03
5.929139589549659028e-02
6.506581944613658297e-02
3.548140069085277404e-03
1.060752495320014047e-02
2.626175952406284778e-02
3.054062227096449901e-03
-6.039709453738918016e-02
6.666126764101535165e-03
-1.824617343663705732e-03
6.004614820923542123e-02
8.061959008984362351e-03
6.976619559923414801e-03
-1.677649175006109021e-03
-5.941380599071226926e-02
-5.104746898098033725e-02
-4.432898385656444673e-02
-5.512503715936415555e-02
4.341299963521465938e-02
5.604409823310691624e-03
-5.748237359847058886e-02
-5.819542423933601882e-02
1.394569131252972223e-02
3.549935591247623933e-03
-5.577440721630529119e-02
-8.080938163838828972e-03
-5.953534068427093068e-02
6.301216932460707021e-02
-4.333694335279280468e-02
-5.693239730079392713e-02
5.248372423809799514e-02
1.648922719687484842e-02
5.280546326084608645e-03
6.303469420265316037e-02
5.606364363635633896e-02
-5.953534068427093068e-02
-5.910387379787026413e-02
-5.910387379787026413e-02
-5.953534068427093068e-02
-4.259703599927486262e-02
2.365927834608875721e-02
-4.078313614294754030e-02
2.852946959228897569e-03
-6.067830117569893676e-03
9.153954294109420799e-04
3.210813340983313495e-03
-5.892858307961260089e-02
-5.706691020892142724e-02
-5.849842654617940646e-02
9.688526340132673151e-03
-1.558745203133646111e-02
2.894515780817976183e-02
6.180433227196827778e-02
-2.765936932567240100e-03
4.211611823463020515e-03
-5.006401380191028566e-02
5.101848051781211757e-02
6.172926308001759101e-03
4.435642666008615675e-02
-5.621053646184405450e-02
6.126237318748334326e-02
-5.791875116413031099e-02
-5.962692496562328054e-02
-1.097892619148656962e-02
1.562616580397566124e-02
-3.852442826076283092e-03
5.679089956291247243e-02
-5.789655867904214964e-02
-5.332711357299809579e-02
-4.867611533391628595e-03
3.220244224069488369e-03
3.758223364958584393e-03
-5.636857028155604216e-02
-9.291896812657848143e-03
9.195377679527810127e-04
-4.679287665361682447e-02
2.617429535621567521e-02
5.387214312077442252e-02
-5.239810895408898023e-02
2.516111250426055889e-03
4.674006367013045470e-03
4.990697964705212084e-03
3.757173992505626232e-03
5.511058511868309126e-03
1.760814032802745024e-02
-4.546803886332078520e-02
-1.220307913934670987e-02
-5.082261001835595982e-02
-4.459276806653186126e-02
-4.204352990890444786e-02
-4.204352990890444786e-02
1.311669067242019968e-02
-3.772484569814425065e-02
1.595375442697490043e-02
1.453373257668205687e-02
7.292339795987864276e-03
5.874139332871282371e-02
7.972385614735481504e-03
-4.637853536024668516e-02
3.838617198952073983e-02
-3.489372304722801466e-02
1.272423956675251648e-02
-1.145945952031733389e-03
6.379136761548693559e-03
-5.437687161077629783e-02
-5.314973732161416137e-02
5.881116846123404102e-02
5.994097723364541497e-02
-5.587163166141617676e-02
-4.946527850872863008e-02
3.888741347373800977e-04
2.996065080210936430e-03
5.654492850825197647e-02
5.950951034724476923e-02
1.454557865911450427e-02
5.152440772204870678e-03
2.836143412753077894e-02
5.152440772204870678e-03
-5.580185652889498721e-02
-4.342214613114112054e-02
5.152440772204870678e-03
-1.864843133741109216e-02
-1.589681171381476799e-02
6.485203457310735218e-04
2.308321367176233759e-03
5.152440772204870678e-03
3.439341877418567762e-03
-4.564194539739165751e-02
5.465191403695730810e-02
1.370319816790415562e-02
1.910086188873304225e-02
8.171507437723263614e-03
2.449476961558507554e-02
-1.533890398408890333e-02
-5.438570154137353091e-02
5.769889839806325443e-02
4.110570523754668998e-03
5.466395808845709442e-02
2.358773903859603255e-02
-5.346146881715430760e-02
-1.298550282300385376e-02
9.773693747017198064e-03
-5.190779055530703179e-02
-3.993622702436489674e-02
-4.647452332703889272e-02
1.406407274493469764e-03
1.718204228020807009e-02
4.226327370726578984e-03
4.176565926550408585e-03
6.111506136516257556e-03
4.176565926550408585e-03
-4.516673157325860888e-02
-4.558037054013259343e-02
-4.675056102662106250e-02
-3.541317678198046322e-03
1.068615257221597163e-02
2.781631851346457428e-03
-3.302803195771634136e-03
4.734051364822852888e-03
-2.108143556788375644e-02
4.861958275791684186e-03
-5.229467999014834195e-02
-5.253535541567606187e-02
-5.161009431718117935e-02
-2.926607589632318138e-03
-5.536955200310576808e-02
7.153716439343068070e-03
6.890427056816778029e-03
4.923368734422990667e-02
4.313112393175173170e-02
1.082111844300514061e-02
1.261480347690409820e-03
5.312621497881626909e-02
-4.823928186448478428e-02
6.200434348809541474e-03
5.314669365294717729e-02
-1.293894851903940046e-02
3.184286432646894066e-02
-2.530906362435377324e-02
-2.886973645826412891e-03
-2.841889364500579940e-02
-4.312239694563957393e-02
2.987181951093991622e-02
7.250872941116839193e-03
-3.763840052317438817e-02
-4.303333813205112435e-02
-3.543601134273636349e-02
-2.471880750813112981e-02
7.790123708971145172e-03
6.618080303607591468e-03
-3.810038719217853642e-02
-4.587202219318946977e-02
4.885620238826575423e-02
-9.452670146073517687e-03
4.833910686274545121e-02
-4.203525324288665682e-02
-1.936247784883562625e-02
-3.516134104374134955e-02
-2.904754852058968190e-02
-2.199144583246308987e-03
-2.483209657456387012e-02
4.474508167482709603e-02
7.628193956611969452e-03
4.751492390705238517e-02
3.651477710810863142e-02
2.295254498682430117e-02
-4.587202219318946977e-02
5.471818264618039974e-03
4.235908772966178598e-02
3.632220406352698605e-02
-3.370883378829913485e-02
1.333174456263039407e-03
-1.629341654616318913e-02
-3.808159243551403894e-02
-2.440229111218023689e-02
-4.169898224470588999e-02
-4.160923633640474517e-02
-3.523600214402608510e-02
1.634879854518945727e-02
-1.721146027500883996e-02
-3.816413300857166013e-02
1.009032311034866006e-04
-4.312960818434413007e-02
-3.708858391817011768e-02
-4.486021891918110654e-02
-4.486021891918110654e-02
-3.921489069664886584e-02
2.601086335259449739e-02
3.123709627237703304e-02
-3.315023846656669354e-02
-3.911346852298164950e-02
6.559259453990387394e-03
4.713347310821466851e-02
2.969689125305522565e-02
6.559259453990387394e-03
8.756289706386586810e-03
-4.474841120816716589e-02
4.843265405474220936e-02
-4.493330053635993110e-02
-3.953795870396353829e-02
2.401495711027457416e-03
4.338529956028319007e-02
2.848294230802875249e-02
-1.759184327102650616e-02
-4.764945667864556658e-03
-4.330505739431256967e-02
7.753942030751399470e-03
-3.043378591063355260e-02
-3.409123029997702947e-02
-4.388434407352664879e-02
-3.527969844850795816e-03
1.381942023735281038e-03
-3.215824211510073805e-02
-4.374794885601029915e-02
-4.520626886602813199e-02
7.575456046914981825e-03
7.653304820695102685e-03
-2.654552741535523910e-02
-1.406154069457831064e-02
-2.327773290247269963e-02
-1.617428354922188088e-02
-1.374964581520930762e-02
-1.386194805080028826e-02
-1.386194805080028826e-02
3.618456555919078495e-03
-8.869405372227008241e-03
-8.484900947123414500e-03
-1.534313423483932813e-02
-2.695106220962837848e-02
1.305393830239610399e-02
4.752293081665607405e-02
1.428005515553078947e-03
8.856553523670209274e-03
-2.959126187346090148e-02
3.043845852214513079e-02
-4.031342558257209469e-02
1.159284330370909111e-02
-2.855623086025154203e-02
-2.776669545634159741e-02
