7.247053786620000215e-02
-7.091994852979052744e-02
-7.048928424022107841e-02
7.727435633335476284e-02
7.616934053434569474e-02
-5.261578875628175611e-02
-6.570523644792920781e-02
7.623937638709453457e-02
-7.015868101126518375e-02
-6.764647904394227584e-02
-3.005126109529713749e-02
-3.773359585653214554e-02
5.645771968787782757e-02
6.892476868632531339e-02
5.423167687917788971e-02
7.826014942206707681e-02
1.367810689461744760e-03
3.674101001516724609e-03
-9.807413114757412029e-05
-6.682269084588841890e-02
1.550714104513976812e-03
1.205268799937300652e-03
6.960329577539101087e-02
2.440407358223309429e-03
3.990790541274751718e-03
-6.781305543650781309e-02
6.871396935584177246e-02
-4.595220249026522874e-02
-7.277450854478070830e-02
-7.187730693644112101e-02
-7.244286657849711986e-02
7.604041373241726687e-02
6.115651672021391039e-02
7.636674835747958578e-02
7.032081821703357882e-02
7.782407344250434622e-02
7.508068462595936243e-02
7.698306332968739285e-02
7.254106042874937377e-02
6.719602446661811224e-02
7.509064978210452934e-02
7.296255306539439767e-02
7.394898192738004472e-02
7.124660204195958080e-02
6.895178387856708280e-02
-2.835269331788577499e-02
7.673422996165174537e-02
6.942894867235130385e-02
6.895178387856708280e-02
-2.726637448350786690e-03
-3.777679479911419391e-02
-5.471875321274768944e-02
7.592757610571045090e-02
4.625760323732734658e-02
7.385165279980017428e-02
-7.183935351863741936e-02
7.472266070552531503e-02
6.905486150528683531e-02
7.617394435402034814e-02
2.816732759129317656e-02
-1.930108762046183271e-02
7.353642713594989166e-02
7.662448953757167169e-02
-4.298380787759874949e-02
1.043581377002792375e-02
7.498572612502042711e-02
2.097426921651364927e-03
6.246007030356770951e-04
3.035171929033167459e-02
2.648667535042527159e-03
-5.884577736910315965e-02
-7.192689714401122314e-02
-6.662387606527922501e-02
6.809591400209594192e-02
7.411383122182335637e-02
-7.121273926655689868e-02
7.201979714175106573e-02
6.825910693304663990e-02
-4.738267657956139745e-02
-5.302988701685806133e-02
7.690862248431180881e-02
7.735777605290121428e-02
-1.889614874230977288e-03
7.053459502535291969e-02
7.728374025544546000e-02
-2.385286763294279869e-02
-7.379135238925525753e-02
-3.217972752177649526e-02
6.457607131219836837e-03
7.271974271402024959e-02
5.470978617045348102e-02
-6.119051430327011876e-02
4.387682387288154018e-02
6.751795687343525865e-02
-6.230880557859638097e-02
7.102124219843344854e-02
5.187265880550605973e-02
7.468998308856932000e-02
7.526570490846402894e-02
-6.407295936930322566e-02
-9.118902777630541467e-03
7.229990512469708364e-02
7.225539372519233783e-02
-4.390119441088952135e-02
7.423530934930103187e-02
7.598850961297110018e-02
7.212940566280170995e-02
-3.927592256767792334e-02
1.199109040432669001e-03
7.291193393208228457e-02
-5.101257795249591193e-02
-4.897440456943823878e-02
7.046748545818458387e-02
7.699897421834078770e-02
7.653586921634064622e-02
-6.261987927171028256e-02
-4.620686621255801901e-02
6.602168235572035415e-02
6.171635304262002020e-02
-2.222939365054739727e-02
-6.935032991377919342e-02
9.888667852800416512e-04
-7.030054424257925483e-02
-7.177255801641836686e-02
-5.881114431852607627e-02
-5.675547383965740683e-02
6.301377603352070755e-02
2.889711064347654044e-03
-8.895842677245698483e-04
-4.340441008916280652e-02
7.580340465398503758e-02
6.979912754823183740e-02
-6.582862838054304166e-02
7.580340465398503758e-02
2.213118777962633579e-03
2.811806804514556130e-03
-2.495242983456983765e-03
-4.551910744889389043e-02
-4.064026390351117152e-02
7.110583038939860545e-02
7.522813386987141360e-02
2.371859348293452543e-04
7.498290529412211802e-02
7.177852594094108474e-02
-6.523082502289719031e-02
9.765305916292813491e-04
-7.188334729100023801e-02
-5.052014886186496911e-02
7.235548978798708730e-02
2.892116686507203646e-03
-1.288961704067296144e-03
7.146669487932501286e-02
4.399229346210770174e-04
-5.260605746607150551e-02
-5.040859377898741084e-02
7.676920610402424190e-03
1.055285421899481704e-03
4.056147655306941921e-03
6.746662933769617676e-02
-2.518614189395110628e-02
6.580509455719195031e-03
4.752599568356882104e-02
-5.892535252748630492e-02
-6.455392230109355256e-02
6.461821366028609737e-02
-6.471658132051039125e-02
-6.942536149097650044e-02
-6.801133928890396030e-02
-6.942201077605489323e-02
5.080073246897301442e-02
6.078715002261250375e-03
-5.069370781817517102e-02
2.835239881423207240e-03
-1.446750505083018584e-02
-2.254491322931499644e-03
1.104629146586227082e-03
6.298957524333925750e-02
-6.541580852344212882e-02
4.867549916881700541e-04
-5.585857108794309994e-02
1.104629146586227082e-03
-5.155133313969754300e-02
-4.475014176053843107e-02
3.657195944940648535e-03
1.708367378999203247e-03
8.438089632328239428e-03
-1.400930729803099954e-02
-1.454060394877060595e-03
-1.454060394877060595e-03
-1.528651848986016873e-02
1.917853348132481355e-03
3.050973324623528372e-03
1.909126479944915113e-03
-3.100523564992272926e-02
2.283214146033104783e-02
-6.520617509734109862e-02
3.559382684758628096e-03
-2.806501164270426910e-02
1.713884066375644284e-03
2.849179503379187586e-03
2.864092348987756168e-03
2.935868417465798590e-04
4.184746110355236706e-03
-1.277394984921438256e-02
2.948426677189493666e-05
2.864092348987756168e-03
5.686044906430381268e-02
-3.086618596100993567e-02
2.966297699408224596e-03
1.020379829809408417e-02
3.393686830729361528e-03
2.194792764312827969e-03
-9.526102010376025827e-04
-2.215336952110902660e-02
4.527560282477020425e-04
2.724138068109738416e-03
-1.102028058604708231e-03
-3.186638008048753301e-02
3.344647359964315371e-03
2.793395085097934941e-03
-2.287396814062768458e-02
3.366847352296625795e-02
1.286731627652874278e-02
8.076107046454287369e-03
2.637196867321548593e-02
1.098006183266164899e-02
1.876175952284247356e-02
8.059630378243358428e-03
1.133986681292412958e-02
-5.334200100831822111e-02
-6.316625997800998094e-02
5.305808760586294692e-02
-3.346220035797826259e-02
5.931301155582868051e-02
5.937626579887855111e-02
8.847625145757011950e-03
6.862591837137654686e-03
-3.663673607953844055e-03
6.862591837137654686e-03
-5.317085357701644560e-02
6.862591837137654686e-03
6.862591837137654686e-03
6.862591837137654686e-03
-9.316119982900489607e-03
3.493912316006562990e-02
-5.877777091638908963e-02
-3.131305048301784300e-02
5.849794987650035714e-03
7.596761714550089722e-03
2.544717231414942923e-02
3.519782649131391380e-03
5.910520365809063432e-03
-3.131413335984977592e-02
-2.558517077782792790e-02
7.869905899587286563e-03
4.125393854346652220e-03
-3.326434911787506943e-02
7.894616237708077314e-03
5.502001753319177985e-02
8.403421843915298214e-03
8.801671365292407928e-03
1.291343294502365034e-02
8.618962140565102070e-03
6.154703099176222873e-03
5.929139589549659028e-02
6.506581944613658297e-02
3.548140069085277404e-03
1.060752495320014047e-02
2.626175952406284778e-02
3.054062227096449901e-03
-6.039709453738918016e-02
6.666126764101535165e-03
-1.824617343663705732e-03
6.004614820923542123e-02
8.061959008984362351e-03
6.976619559923414801e-03
-1.677649175006109021e-03
-5.941380599071226926e-02
-5.104746898098033725e-02
-4.432898385656444673e-02
-5.512503715936415555e-02
4.341299963521465938e-02
5.604409823310691624e-03
-5.748237359847058886e-02
-5.819542423933601882e-02
1.394569131252972223e-02
3.549935591247623933e-03
-5.577440721630529119e-02
-8.080938163838828972e-03
-5.953534068427093068e-02
6.301216932460707021e-02
-4.333694335279280468e-02
-5.693239730079392713e-02
5.248372423809799514e-02
1.648922719687484842e-02
5.280546326084608645e-03
6.303469420265316037e-02
5.606364363635633896e-02
-5.953534068427093068e-02
-5.910387379787026413e-02
-5.910387379787026413e-02
-5.953534068427093068e-02
-4.259703599927486262e-02
2.365927834608875721e-02
-4.078313614294754030e-02
2.852946959228897569e-03
-6.067830117569893676e-03
9.153954294109420799e-04
3.210813340983313495e-03
-5.892858307961260089e-02
-5.706691020892142724e-02
-5.849842654617940646e-02
9.688526340132673151e-03
-1.558745203133646111e-02
2.894515780817976183e-02
6.180433227196827778e-02
-2.765936932567240100e-03
4.211611823463020515e-03
-5.006401380191028566e-02
5.101848051781211757e-02
6.172926308001759101e-03
4.435642666008615675e-02
-5.621053646184405450e-02
6.126237318748334326e-02
-5.791875116413031099e-02
-5.962692496562328054e-02
-1.097892619148656962e-02
1.562616580397566124e-02
-3.852442826076283092e-03
5.679089956291247243e-02
-5.789655867904214964e-02
-5.332711357299809579e-02
-4.867611533391628595e-03
3.220244224069488369e-03
3.758223364958584393e-03
-5.636857028155604216e-02
-9.291896812657848143e-03
9.195377679527810127e-04
-4.679287665361682447e-02
2.617429535621567521e-02
5.387214312077442252e-02
-5.239810895408898023e-02
2.516111250426055889e-03
4.674006367013045470e-03
4.990697964705212084e-03
3.757173992505626232e-03
5.511058511868309126e-03
1.760814032802745024e-02
-4.546803886332078520e-02
-1.220307913934670987e-02
-5.082261001835595982e-02
-4.459276806653186126e-02
-4.204352990890444786e-02
-4.204352990890444786e-02
1.311669067242019968e-02
-3.772484569814425065e-02
1.595375442697490043e-02
1.453373257668205687e-02
7.292339795987864276e-03
5.874139332871282371e-02
7.972385614735481504e-03
-4.637853536024668516e-02
3.838617198952073983e-02
-3.489372304722801466e-02
1.272423956675251648e-02
-1.145945952031733389e-03
6.379136761548693559e-03
-5.437687161077629783e-02
-5.314973732161416137e-02
5.881116846123404102e-02
5.994097723364541497e-02
-5.587163166141617676e-02
-4.946527850872863008e-02
3.888741347373800977e-04
2.996065080210936430e-03
5.654492850825197647e-02
5.950951034724476923e-02
1.454557865911450427e-02
5.152440772204870678e-03
2.836143412753077894e-02
5.152440772204870678e-03
-5.580185652889498721e-02
-4.342214613114112054e-02
5.152440772204870678e-03
-1.864843133741109216e-02
-1.589681171381476799e-02
6.485203457310735218e-04
2.308321367176233759e-03
5.152440772204870678e-03
3.439341877418567762e-03
-4.564194539739165751e-02
5.465191403695730810e-02
1.370319816790415562e-02
1.910086188873304225e-02
8.171507437723263614e-03
2.449476961558507554e-02
-1.533890398408890333e-02
-5.438570154137353091e-02
5.769889839806325443e-02
4.110570523754668998e-03
5.466395808845709442e-02
2.358773903859603255e-02
-5.346146881715430760e-02
-1.298550282300385376e-02
9.773693747017198064e-03
-5.190779055530703179e-02
-3.993622702436489674e-02
-4.647452332703889272e-02
1.406407274493469764e-03
1.718204228020807009e-02
4.226327370726578984e-03
4.176565926550408585e-03
6.111506136516257556e-03
4.176565926550408585e-03
-4.516673157325860888e-02
-4.558037054013259343e-02
-4.675056102662106250e-02
-3.541317678198046322e-03
1.068615257221597163e-02
2.781631851346457428e-03
-3.302803195771634136e-03
4.734051364822852888e-03
-2.108143556788375644e-02
4.861958275791684186e-03
-5.229467999014834195e-02
-5.253535541567606187e-02
-5.161009431718117935e-02
-2.926607589632318138e-03
-5.536955200310576808e-02
7.153716439343068070e-03
6.890427056816778029e-03
4.923368734422990667e-02
4.313112393175173170e-02
1.082111844300514061e-02
1.261480347690409820e-03
5.312621497881626909e-02
-4.823928186448478428e-02
6.200434348809541474e-03
5.314669365294717729e-02
-1.293894851903940046e-02
3.184286432646894066e-02
-2.530906362435377324e-02
-2.886973645826412891e-03
-2.841889364500579940e-02
-4.312239694563957393e-02
2.987181951093991622e-02
7.250872941116839193e-03
-3.763840052317438817e-02
-4.303333813205112435e-02
-3.543601134273636349e-02
-2.471880750813112981e-02
7.790123708971145172e-03
6.618080303607591468e-03
-3.810038719217853642e-02
-4.587202219318946977e-02
4.885620238826575423e-02
-9.452670146073517687e-03
4.833910686274545121e-02
-4.203525324288665682e-02
-1.936247784883562625e-02
-3.516134104374134955e-02
-2.904754852058968190e-02
-2.199144583246308987e-03
-2.483209657456387012e-02
4.474508167482709603e-02
7.628193956611969452e-03
4.751492390705238517e-02
3.651477710810863142e-02
2.295254498682430117e-02
-4.587202219318946977e-02
5.471818264618039974e-03
4.235908772966178598e-02
3.632220406352698605e-02
-3.370883378829913485e-02
1.333174456263039407e-03
-1.629341654616318913e-02
-3.808159243551403894e-02
-2.440229111218023689e-02
-4.169898224470588999e-02
-4.160923633640474517e-02
-3.523600214402608510e-02
1.634879854518945727e-02
-1.721146027500883996e-02
-3.816413300857166013e-02
1.009032311034866006e-04
-4.312960818434413007e-02
-3.708858391817011768e-02
-4.486021891918110654e-02
-4.486021891918110654e-02
-3.921489069664886584e-02
2.601086335259449739e-02
3.123709627237703304e-02
-3.315023846656669354e-02
-3.911346852298164950e-02
6.559259453990387394e-03
4.713347310821466851e-02
2.969689125305522565e-02
6.559259453990387394e-03
8.756289706386586810e-03
-4.474841120816716589e-02
4.843265405474220936e-02
-4.493330053635993110e-02
-3.953795870396353829e-02
2.401495711027457416e-03
4.338529956028319007e-02
2.848294230802875249e-02
-1.759184327102650616e-02
-4.764945667864556658e-03
-4.330505739431256967e-02
7.753942030751399470e-03
-3.043378591063355260e-02
-3.409123029997702947e-02
-4.388434407352664879e-02
-3.527969844850795816e-03
1.381942023735281038e-03
-3.215824211510073805e-02
-4.374794885601029915e-02
-4.520626886602813199e-02
7.575456046914981825e-03
7.653304820695102685e-03
-2.654552741535523910e-02
-1.406154069457831064e-02
-2.327773290247269963e-02
-1.617428354922188088e-02
-1.374964581520930762e-02
-1.386194805080028826e-02
-1.386194805080028826e-02
3.618456555919078495e-03
-8.869405372227008241e-03
-8.484900947123414500e-03
-1.534313423483932813e-02
-2.695106220962837848e-02
1.305393830239610399e-02
4.752293081665607405e-02
1.428005515553078947e-03
8.856553523670209274e-03
-2.959126187346090148e-02
3.043845852214513079e-02
-4.031342558257209469e-02
1.159284330370909111e-02
-2.855623086025154203e-02
-2.776669545634159741e-02
4.711155574426660608e-03
1.899262964159653677e-02
-2.784541891025213434e-02
-2.188739573450263626e-02
3.505680169432528505e-03
-1.116659779582363510e-01
-4.206896475915770234e-03
-8.542636996847140576e-03
-2.261022237547717639e-02
-2.774370756204919825e-03
1.344869033515780528e-02
7.925256083141443697e-03
4.026580892212604929e-02
1.456300806817825005e-03
-2.272092249085284899e-01
2.113400688167759583e-02
7.028302434415653610e-02
3.406291205850334874e-02
4.217355876454836200e-02
-1.102521841228497682e-02
-4.240076079522476019e-03
-1.131868736690810721e-02
1.839964321646784390e-02
-2.920691065981103479e-02
-2.203479532549013076e-02
-2.489897697490974643e-02
8.858320672693450679e-03
8.713763425439619015e-02
1.227413577500788625e-02
2.358611434335675106e-04
1.560174807719911030e-03
-8.879465775168321473e-03
7.232166491180749834e-02
2.451212698847635152e-02
3.558747618885670094e-02
-3.263581067945782455e-03
2.813568597140007205e-02
2.529584222678268185e-02
1.141880832099711612e-01
-5.404127663767806927e-02
-4.200491209730729258e-02
2.015789579751799815e-02
5.774110079386430422e-03
-2.062920758174940222e-02
-8.405852051427379831e-03
2.313184395583522956e-02
-2.918515617742249366e-02
-1.220918017783528819e-02
-8.405852051427287891e-03
-3.385169253695095165e-02
-3.276858723882945107e-02
-2.906371528907462573e-02
3.725586551168107857e-02
-2.915151460350866308e-03
-8.526146079420085511e-02
-7.468690689433357677e-03
-2.607719935042187437e-03
-2.644087164448995914e-03
1.112778027420501664e-02
-5.713423307121963390e-02
-2.004691808331109104e-02
-1.842137692726630860e-02
5.870096212945448595e-03
-7.048987838632531089e-03
-3.320759904085993641e-01
-5.244543545647539773e-02
-1.719959802283239220e-02
-9.693422325665092265e-04
-9.809333862023028594e-02
-2.273989590066270022e-02
6.892566595922099137e-02
4.376710025627653447e-03
-2.781658229681924915e-02
9.292893257878154234e-02
1.889528347714303919e-02
3.186115000843370293e-02
1.184833241912176677e-01
-7.899941832725580759e-02
-1.872918340649538591e-02
-2.992946534655125529e-02
-1.319508001980225671e-02
-1.041535422427581140e-02
8.083631826471977810e-02
-4.425062609356630698e-03
-7.298650788061539912e-03
3.403209431772651061e-02
-1.489695501711479735e-02
1.925986422675142473e-02
-1.177052234682950116e-02
-1.224654940997761850e-02
-6.485065837402148592e-02
5.559475262661847054e-04
-1.839826212925929627e-04
-1.342011399190035786e-02
1.696284207468072847e-01
1.935601430838626569e-02
1.076739293624002780e-01
-2.410051848094276611e-02
1.842391946830835778e-02
-2.949667556548303538e-02
1.215911833308695039e-02
-1.063427394604978121e-01
4.760907315850556459e-02
-1.020287633016980777e-03
1.375688252493730002e-02
2.694808796017255943e-03
-2.230457804683788712e-03
-5.138524750924806928e-02
3.103226276549894691e-03
1.893220271953554093e-02
1.142133715332386418e-01
1.501551028766688056e-01
1.832796927739835727e-02
2.812278703260872453e-02
6.984598911439670113e-03
8.117823610575983229e-02
-3.976155116024708558e-02
1.108889047769218150e-02
5.712423155497031030e-02
-1.243242358665354839e-02
-2.984768002777531126e-02
-2.589968628659309290e-03
-2.756503060630992319e-02
-7.890016891205728355e-02
3.296005039819548121e-02
7.558408346813873246e-02
2.190056400054498503e-02
-5.779049715967132794e-02
-1.852371528185468505e-02
4.066497684184585543e-02
-6.018519434601030463e-03
-8.429936142722830802e-03
2.472290774360508953e-02
-6.018519434601030463e-03
-1.234057769179737300e-02
-2.057245977524293501e-01
9.073200549081407440e-02
-8.382482935547978797e-02
1.254571244498081106e-01
-1.737395125063191381e-01
2.040483181624566655e-01
-2.644964709255058846e-03
-4.919456063718607997e-02
-6.086125274192651091e-02
-8.778014809431834709e-02
-2.110879267750574717e-02
2.598425129314275994e-03
-6.742588388512578412e-02
-3.351619465181392837e-02
-9.600711443725302649e-03
-2.013973256740731604e-02
-7.438065631445694992e-03
-9.016024749053175302e-02
1.230136863755992710e-01
1.203929953453150847e-01
8.294910376596056900e-02
-2.181822532195329956e-01
6.044929822211169562e-02
1.613828282761676780e-01
-9.593554628243565474e-03
-3.910663532995618114e-03
-2.195033925410802556e-03
-1.594534933528029760e-02
2.100329951620013083e-02
-1.162408105660350799e-02
5.411531676719648354e-02
3.163748285084515971e-03
4.780983857052224784e-02
-7.547290133627128361e-04
1.811963346723960422e-02
-3.349711719445635366e-02
-6.084693517031451032e-03
-2.153143558669546112e-02
-3.011109272177791077e-02
-2.866103152262967479e-03
-1.766900929781767965e-02
1.381203645918639977e-01
6.597295391458118941e-03
-3.989586420584168014e-02
-2.897698140283764059e-02
-1.766900929781767965e-02
-2.077004218987338335e-02
-4.127709506531156841e-02
-1.893228134060694762e-02
-2.202775187873548535e-02
1.152986468694409614e-02
-4.495054985174052470e-02
-4.582089156736475488e-02
-4.582089156736475488e-02
9.797601383900352012e-02
-1.550273538107990907e-02
-2.368938220694644797e-02
-1.826070173973941974e-02
-4.274797063497140504e-02
1.374740717043893279e-01
1.668566222830724158e-02
1.123631867695086550e-02
4.659655453451462537e-04
1.543950125588794062e-02
-1.017667382116503073e-02
-1.275952436424062676e-02
-5.146213301007539209e-02
3.653153321506355522e-03
1.797573784084539883e-02
-4.049640672173959038e-03
-1.275952436424062676e-02
1.320767471485275180e-01
6.225286076194665175e-02
-1.036757885243492008e-02
-1.499309574600676993e-02
-2.290273346007924010e-02
-4.809967207870268803e-03
-2.586879622787095767e-02
6.676336187934270305e-02
-9.004683596195337328e-03
1.843015013045894157e-02
-1.411673631768336871e-02
-7.777168401194488323e-03
-2.832994695923803097e-02
-1.246904661797683389e-02
7.532323154816449040e-02
-6.551956958768348493e-02
-2.341792457635866881e-02
1.732695595446881107e-02
3.201657349439608613e-02
-6.229066326680701704e-02
8.851625179255568189e-05
9.428418313445820556e-03
2.036313341888763492e-02
-1.276396853514467911e-02
1.213074769937729641e-03
-5.005788719159739997e-02
5.506995586478320541e-03
-1.438682863607774337e-02
1.767898923913695242e-02
-1.549155116540788107e-02
-2.317589170185867242e-03
2.304896690805386533e-02
-2.317589170185867242e-03
3.805925179357325105e-02
-2.317589170185867242e-03
-2.317589170185867242e-03
-2.317589170185867242e-03
-1.839682858242825889e-02
2.604245033518485380e-02
-2.116735395044167661e-02
-6.279011252847688240e-03
1.017170275183424365e-02
-2.591155006950120535e-02
1.064443838204997238e-02
2.853389425148654401e-02
-1.011523221181728164e-03
-2.160613995481792948e-02
1.467927166055075193e-02
-2.140827084047801712e-02
-5.157964115041302131e-03
-2.474271486555306224e-02
1.568304387817490500e-02
4.124331257935163336e-02
-4.356412162608793576e-02
4.915705891448719778e-05
-4.613803177427725638e-02
6.329909681163960189e-06
2.969722116849713572e-02
-2.844885921833575568e-02
-1.858743753783529892e-02
-2.591090797921583033e-02
1.883738970249076647e-02
-2.672858097531835911e-02
4.660547636426256440e-03
8.520552795858581108e-03
3.121134144216110989e-02
-5.032059295682049516e-02
1.194835801648546150e-03
-7.837179982640839898e-04
-2.285791936586115819e-02
-1.000960798133278262e-02
1.328214540920108662e-02
-2.537630101165321700e-02
5.065189694951389293e-02
-1.251316733847322379e-02
4.212038549892722916e-02
1.699018281724559709e-02
-1.974941695248720944e-02
-4.471224299375078752e-03
-3.431007116934194079e-02
1.327455295097898502e-02
-3.684210962843331022e-02
-2.126430353014486380e-02
-3.602127600698768611e-03
-1.872218750317503413e-02
-1.823336730777125672e-02
-1.475041374512222128e-02
7.035601622990855786e-03
1.594307587617765920e-02
9.412126662101154978e-03
-4.204367001704527665e-03
2.908902843787928086e-03
-3.602127600698768611e-03
-7.918020841200509863e-03
-7.918020841200502924e-03
-3.602127600698768611e-03
8.484665513182648028e-03
5.367965497428305033e-02
-9.289553567854843749e-03
4.042547691655103831e-02
-3.173432010208926402e-02
2.392918686451046134e-02
2.603708033604956382e-02
6.220144961628548859e-03
2.575714635535666843e-03
-1.130226409866651530e-02
3.130830332426637330e-02
2.638707713420365697e-02
7.286256796661529089e-02
5.766617205045113624e-03
1.168455352754958591e-02
1.378865820425052326e-02
-6.158999958035315213e-03
7.392272504001262678e-02
1.074041945375898803e-02
2.184054022248319016e-03
-6.430343020405727278e-03
3.098064795114124914e-03
-1.246447514671410010e-03
1.290665454578257196e-02
-1.523886166527455358e-02
5.546542264602030703e-02
-5.610940823212571919e-03
2.163324078545221518e-02
2.422077800998930983e-02
-2.102499054354457081e-02
-2.508923699884263447e-02
-4.624208663088126559e-02
-4.930644068461616236e-02
-9.430952884171981548e-03
-2.945489935530391096e-02
8.305544947508033612e-03
-3.173481621767786781e-02
-1.754253220068508964e-02
-2.403956567718720794e-02
-4.070484814980483354e-03
2.447514237740265608e-02
2.764683910593114871e-02
2.885085987084463899e-02
2.534981091744568232e-02
-1.184815500492402036e-02
-8.407420279097441856e-03
-1.973247860107196772e-02
-4.479879881110934714e-02
1.000969683078959185e-02
-2.673317794398410302e-02
-5.799098167887466876e-03
-5.799098167887466876e-03
-2.075489192013781070e-02
-1.235644586962741367e-03
2.393341809164363509e-02
2.608633804376265727e-02
8.961445867287131176e-04
-8.272841300756304805e-03
4.669439149263818374e-03
-4.912697312566464622e-03
-2.491914921329708293e-04
1.420364018457510175e-04
-2.065911839032862074e-02
-1.133378247175432368e-02
-4.179279747974187081e-03
-1.359940570020594028e-02
-9.580698374791019739e-03
-6.404115756991809669e-03
-1.740651858164760091e-02
-1.907593145909438357e-03
-2.567047581521807176e-02
4.855391696860739820e-03
3.748131910419025357e-03
9.969177894741087717e-03
-1.309062534114584231e-02
-4.499629366667302205e-03
6.271407069085358638e-03
-4.030407254208244472e-02
6.271407069085358638e-03
-3.886760214500762159e-05
-3.310552750247205273e-02
6.271407069085358638e-03
9.164743126731772493e-02
2.362068944300420303e-02
-9.532547786790107613e-03
-2.889360592559303553e-02
6.271407069085358638e-03
-1.616831063048649111e-02
-6.377681390282721567e-03
1.259617540679287481e-02
8.465508266749256425e-03
2.398137046384529736e-03
2.358770967343784206e-02
-1.775660300720815349e-02
1.269697709256192159e-02
-4.673112692367500237e-03
8.992990311900405861e-03
1.994323268240036709e-02
-6.985191913547595180e-03
-3.438617088030569702e-02
2.010199381454967626e-02
2.298699883207448030e-02
5.211402968650467177e-02
-2.682148942803587455e-03
4.486109742686514301e-02
-1.025829843355489067e-02
-8.306080660245504510e-03
6.421024839710975235e-03
9.542140916041379206e-03
3.171860243880698059e-03
6.781261825700565446e-03
3.171860243880698059e-03
2.677444465931520454e-02
2.455396203079013989e-02
-2.013383923810462689e-02
4.319944551996803342e-03
8.084454104481577502e-04
3.235703354767373308e-02
1.844251586413916955e-02
-8.578378086252841025e-03
-6.569775510308526259e-03
6.416259098087037302e-03
-1.860764185450166502e-02
1.683125996759360712e-02
-3.482302633966623262e-02
-3.386584629161141363e-02
2.302617968272953862e-03
8.909837387821882559e-03
-6.055102927586494301e-03
1.389972279876442243e-02
5.467696325206384406e-02
1.450028962019662450e-02
1.567057019115175240e-02
-1.227123631655545159e-02
-1.244077210462876150e-02
1.251793560157141508e-02
-1.415755604109102464e-03
-3.593510618498436948e-02
-6.035027614454499534e-03
1.383055905824394534e-02
-1.016881755234494596e-02
-3.039908650329757600e-02
-4.502494678465820965e-03
8.008721520713097536e-03
1.461817144788297648e-02
-2.708090295575871567e-02
-1.957377590559609623e-03
4.485590155970068695e-03
1.421571732713711872e-02
2.788660875175543591e-02
4.220695527060485536e-02
-7.821708876087938439e-03
-3.677190836554686953e-03
-3.046035847465732374e-02
7.349187612053321300e-03
-6.953387061124857021e-03
-3.959132309946312295e-03
-1.380591198740518596e-02
-3.604774993731537855e-03
-2.066746031383007859e-02
2.600620998559053515e-02
1.691338167687362823e-03
-1.274321531676304332e-02
1.728010953616476372e-02
1.374712757271411533e-02
-5.413931296302798568e-03
3.271663746004589007e-02
-3.677190836554686953e-03
1.475683437749838664e-02
-2.218782017458085024e-02
-4.850031756205108041e-02
1.224068333776384514e-02
2.430861635849843397e-02
-1.710946207154602147e-02
1.061453846714733619e-02
-4.190472825610539777e-03
3.262607506278056985e-02
5.126834377907144719e-02
1.568665557695533841e-02
3.797046729432692475e-02
-4.770195304990733354e-02
1.950906984380600118e-02
3.476606620036047646e-02
6.769874811241719144e-03
6.487783060586358418e-03
1.063230110011951363e-02
1.063230110011951363e-02
8.316305099596889294e-03
-2.286821120458931364e-02
-2.388674906341892168e-02
3.975492479380199340e-02
-2.428831029977809516e-03
2.165664107831414761e-02
-1.359178399525783933e-02
-2.455205829729856237e-02
2.165664107831414761e-02
-2.404644882866118372e-03
5.640484218915227388e-04
8.295727647893647722e-03
-1.610222225029694573e-02
-3.425465689234873101e-02
1.204903622796356898e-02
-4.484927054708982841e-02
-9.749433355666650702e-03
1.041401621928239249e-02
1.518537571851435487e-03
3.016192957891333098e-03
-3.271536365032418070e-02
7.287530726509633232e-03
-1.227294212849746810e-02
1.373184792532420283e-02
-2.376834985117527027e-02
2.485596179650808452e-02
-1.059053195633348488e-02
-4.764804968772685424e-03
1.839893418290277499e-02
3.480472356105730487e-03
-4.729518898477238185e-03
-6.369089824866775232e-03
2.139377572440787079e-02
-2.278858638376844020e-02
-1.216298845403177877e-02
-3.029730791890947184e-02
-2.082179532201689637e-02
-2.082179532201689637e-02
4.145976616934724662e-03
3.710523073433235480e-02
4.453430413690113304e-02
-3.734984643275473040e-03
-2.023572116262814871e-02
-1.869438754389957796e-02
-2.600936217972278641e-02
1.433040272756778630e-02
1.407728894498033907e-02
-7.698258916238211527e-03
1.560117843221238768e-02
1.739442698998909867e-02
-1.238257960580685033e-02
-6.493319691013581425e-03
1.420553151195165942e-03
-2.580491668877236272e-02
-1.902066422856927425e-02
2.909783352249728505e-03
1.323395769524371782e-02
4.376548269401912827e-02
5.606755860812334680e-02
-3.629348682280525429e-02
3.624278523998469836e-02
-3.519568030571346151e-02
-1.424970599789394596e-02
-4.892216556222678259e-02
-6.589024952741481811e-03
2.464152059555259691e-02
-2.831343980460817103e-02
-7.347097057770245188e-02
-1.577046264554018973e-02
8.146653347533687473e-02
-9.141003721909981422e-03
1.566793981669540453e-02
3.233725021426586688e-02
-2.908144119147139384e-02
3.788467256339565249e-04
1.102083711584721237e-02
2.207953331270000666e-02
4.948854465533053526e-02
4.163270253727657799e-02
-3.601134861943493248e-02
5.231280165201785542e-02
-8.075498008885901094e-03
9.572532937237376166e-03
-1.596944805753034921e-03
7.741641571981630089e-03
2.412087276005647485e-01
6.742178500718460331e-03
-2.435085100920020978e-02
4.223800472303905831e-03
-3.589663547815539341e-02
-2.810818899987041486e-02
1.582629965731200891e-02
8.249563091928971414e-02
1.779680735798871288e-02
1.123512063937361083e-02
2.978550730359202925e-02
-6.181797594418584826e-03
1.496183435480568334e-02
4.253911973250849160e-02
1.158247275979498031e-02
3.758821191885636237e-02
1.496183435480559834e-02
-9.268552866600001175e-03
3.037656345364698335e-02
-1.231486474766791545e-02
5.136943779313770525e-02
2.272795469304041138e-03
3.137667029245977401e-02
-1.332784923773238338e-02
-2.436199334866457483e-02
9.019999632532454958e-02
2.933124656532647839e-02
6.864634210275943893e-02
2.406540618607526730e-02
4.523880829058828101e-02
1.635522117659934244e-02
6.985041937410406410e-02
9.724230779999824825e-02
-9.435374431799598005e-02
-4.725710170924649588e-03
-2.355458241050900278e-02
-2.050193328092376754e-01
-1.191233545689898699e-02
1.102134291985631120e-01
-2.191806115643952883e-03
-2.915574224287302910e-02
-5.292190198076267976e-02
-1.540856778087790896e-02
-7.894368580166735705e-02
4.222765110318452142e-02
-7.383423668587971167e-02
1.689112562119582037e-02
-1.944620247733605534e-01
-4.127824621694918539e-02
-6.059110245715665366e-02
4.563356513009100834e-02
-1.063785186458076487e-02
-7.965771643831288593e-03
-1.553838742286442649e-02
1.186836789650218184e-03
-3.572753267447550257e-02
-1.221381839271333883e-02
-2.069142740379637316e-03
2.112494929316148518e-02
-9.911128569804841804e-02
3.271816447666005268e-02
8.140799342075065101e-03
3.715491947238644399e-01
6.298589808183950589e-02
9.265054676376154735e-03
-1.726961522272632554e-02
4.525426731240338868e-02
2.993767777434596170e-02
-1.027029833695584232e-02
-9.493432330740661507e-02
3.641742533082341360e-02
6.907627148696054986e-02
1.587130787789638869e-02
9.350783954093586786e-03
1.759858385019939103e-02
3.171312500424051939e-02
1.609149629398565207e-02
2.533569321746743236e-02
-3.571828462641778862e-02
6.319439298603757305e-02
9.411674651607231795e-03
-2.239296521619068420e-02
-6.374296612253058103e-02
2.136727928415390471e-02
-1.312618756707088427e-02
-4.991517673666763522e-02
-3.186489421076554862e-02
-3.777978112409820233e-02
-2.141879365000408722e-02
-4.067397942896640306e-02
-2.295944979176929926e-02
1.454174456208773454e-02
-5.918885243764060444e-02
2.384468770484641717e-02
5.144935324992704062e-02
1.439422030145959819e-01
-2.380834487808269895e-02
-4.887153658587251037e-02
1.714085359056513949e-02
1.722965254082079942e-02
-2.270113656383866002e-02
1.714085359056513949e-02
-3.311041302202408221e-02
1.652419516584138492e-01
6.662161237291938654e-02
-7.371621440948877314e-03
-1.679110437210561135e-02
4.789260298705124916e-04
-1.583672282927007235e-01
-6.301647134816824869e-04
-9.551793870342048520e-02
-4.307863349446567486e-02
-2.700510987710258437e-02
1.255189189246403228e-02
-3.317122365884486168e-01
1.032728909598016817e-02
-2.660903379971497201e-02
1.306632125903880309e-02
-3.231963847061461448e-02
3.761093901309686682e-05
3.999425423563178483e-02
2.156042569454938440e-03
2.975838306315716636e-02
-1.510877094757570871e-01
1.544370820026320645e-01
6.391305733447288917e-02
-1.286245769873811395e-01
6.384287293937038199e-02
-6.164754608989906834e-03
-6.384767531550999964e-02
-3.711291596761412230e-03
1.844085906700537736e-02
3.387777046332338116e-02
-8.040289135135065407e-03
-1.740717926864900067e-02
-1.182899683690489222e-02
-9.879780613710937437e-03
-2.858689354362223267e-02
-2.899328176359737205e-03
1.568858374720408233e-02
-1.148707468274343460e-02
3.299241947094359861e-02
-1.016310938707763734e-02
-7.700555386007774776e-03
1.993350320859391817e-02
9.269155614145411018e-03
1.065068601857725554e-02
-1.736914256199539874e-03
-7.700555386007774776e-03
1.199940715356370702e-02
-2.794015807285012143e-02
-1.600781973014130458e-02
-1.830837302903478431e-04
7.642023775007576736e-03
-3.626515799192388256e-02
-7.813460150598382226e-03
-7.813460150598382226e-03
-8.148783987624452427e-03
-1.226122256988683955e-02
-1.712603623912483525e-02
-5.960215901781057424e-03
3.805146475034471704e-02
1.032249298100697960e-01
-5.740248274119889860e-02
1.426668743461965462e-03
5.710615467408947099e-03
9.945457090708412565e-03
-3.486147105576246734e-03
-1.014371137887924365e-02
-2.270862922374840970e-02
-1.751546155377469924e-02
-1.296995630725150672e-02
-9.449434294811374924e-02
-1.014371137887924365e-02
-6.024664493134990195e-02
1.568571044470730771e-02
-1.386044427946375376e-02
-2.362455871330914822e-02
-1.308783213181676820e-02
-1.734040772256817409e-02
-2.178400260785558901e-02
-2.188094770175766021e-02
-4.302252569371330798e-03
7.568098324517323616e-02
1.622692508986095863e-02
5.705769442280821113e-02
-1.876205782565659036e-02
-3.105804320688931516e-02
6.379747976758769201e-02
3.146815169564236986e-02
3.975915921706846268e-03
5.023095771864809038e-03
-2.138093781296093732e-02
-1.527495452967077283e-04
2.627581970818974877e-02
-7.165395257341200183e-03
7.428851016543761357e-03
-2.101227953437529578e-02
1.495793797310503159e-02
-3.758216606495502765e-02
-6.533226359531431326e-02
-7.262559602998062969e-03
-3.478523378593973564e-02
-1.588316026014614454e-02
5.917836861667732928e-03
-1.149330447728919534e-02
5.917836861667732928e-03
2.471338732369435069e-03
5.917836861667732928e-03
5.917836861667732928e-03
5.917836861667732928e-03
1.582432182623832312e-02
8.790734810083513859e-03
-2.536863935167849721e-02
2.059032772802293215e-02
-3.480185483895211623e-02
1.574738745936966888e-02
-5.727884544673905731e-03
-5.405860000347918748e-02
1.060598219815392720e-03
8.547458298291966614e-03
5.898041020857431802e-03
-2.236707793828703397e-03
-6.386960366927702318e-03
-1.451565660455037682e-02
9.086261681638434923e-03
-2.106647008483309921e-02
1.457852814223178917e-02
3.481762697348859265e-02
1.474410258917551245e-02
-3.620023463393001479e-03
4.487192093541287436e-04
5.602955325126486585e-02
3.845949086107063042e-02
1.342970382992416181e-03
7.025434300967255130e-04
-4.392242509325565425e-02
-4.373576207294441881e-02
-1.823988065486611965e-02
-1.410649299931620096e-02
-9.947866569909046691e-03
-2.162302602134472118e-03
-7.222719891286914773e-03
-2.077093192477537723e-02
-1.262921068065474550e-01
1.268597897268724205e-02
-2.572067340135429300e-02
-4.203485951041802116e-02
1.892683723179422461e-02
-8.329546454605962769e-02
2.009741180902979013e-02
2.276818054152047674e-02
1.640821463071105019e-02
3.105047451170819123e-03
2.777787783022065901e-02
-3.250951932431768443e-02
-3.267160981399577779e-03
8.833275746502220957e-03
-2.145566149097298189e-02
-3.563516831147376523e-02
-2.538786150462226873e-02
6.014417972590073436e-02
-2.819001684221674950e-02
2.399135853348497577e-02
-9.993870793437217154e-03
-1.379380945915753727e-02
8.833275746502220957e-03
-2.444647366260472784e-03
-2.444647366260477989e-03
8.833275746502220957e-03
1.074605148473606851e-02
2.268955225852184801e-02
9.552807410527261456e-03
3.412711291859205076e-02
-2.839282401264826491e-02
3.842982393649645168e-02
1.937576305871679602e-02
8.385905201600783732e-03
-2.176165394864405800e-02
1.129929493285647055e-02
1.411699968913406739e-03
4.123814213064627698e-02
-4.596076129031966689e-02
6.749426994976577901e-03
1.879622788899093164e-02
2.074558491346376737e-02
1.260342425710508224e-02
1.338512590691229472e-03
4.356853392216631510e-02
1.200202420569167205e-02
-4.296574225720306214e-03
-5.555985506556240794e-03
-9.117212719115230443e-03
4.129858787034808992e-03
-1.319690720311403852e-02
-8.983661643808069780e-03
-1.104644682122716062e-02
-4.323730802306264415e-03
1.155433002157151695e-02
2.908857115079140077e-02
-1.416158534780746076e-02
-3.438281168228429080e-02
-2.256527046079761373e-02
1.215014788300400154e-03
-2.113100327232038042e-02
-2.069565884354159294e-02
2.254283625152959936e-02
4.767289558758314172e-02
3.005349942226055032e-02
-3.988393795832829991e-03
1.977541305201505409e-02
1.106752447422583788e-02
-1.416999869957904883e-02
1.786569797334234752e-02
-6.067033328339240666e-03
3.117302100002304621e-02
-2.127388995157376839e-02
1.940674898104803939e-02
-1.180102009166085486e-02
-1.359528812037200281e-02
5.728500400637886666e-03
5.728500400637886666e-03
3.531156498920719200e-02
1.226305639550982068e-04
6.619325370177597812e-02
-3.184691410124747268e-02
2.795930521612386820e-03
2.295153621841275818e-03
-4.873645141516004878e-03
4.784700359827571622e-03
-2.791625577486098186e-02
-1.471798885900420933e-02
9.554932844838713232e-03
8.623455032218084459e-03
-1.839540211249462986e-02
-1.167836387968616309e-02
-1.341064707217592446e-02
-2.814390384257445688e-03
-9.836267082454183339e-03
7.186263942850619653e-03
6.742348255049811570e-03
-7.750365862006117906e-03
-1.506526912401813870e-02
6.915236954218475889e-03
1.441656030308549651e-03
-5.418950722174474544e-02
-4.042378659990602217e-05
-3.657323851769468670e-02
-4.042378659990602217e-05
2.076719936751925469e-03
3.517465834795371199e-02
-4.042378659990602217e-05
1.405263733976797047e-02
-5.569412561316773591e-03
-1.093688632961074131e-02
-3.049283695382630499e-02
-4.042378659990602217e-05
-4.409243388973841174e-03
-2.822344386660545490e-02
1.115312374082300106e-03
7.439051109398148870e-03
-7.936023175231250032e-03
-3.218159843844743684e-02
7.742625079362679130e-03
3.563591858611542956e-02
-3.873063443639909904e-03
-1.252869559390273370e-02
1.943402488068132067e-02
-3.911235371950910755e-02
-4.851490968402974446e-02
-1.012201210550393339e-02
-3.894509239717375282e-02
-1.511357653577198243e-02
-1.783011384951013051e-04
-2.258088770404324472e-02
1.229374079813288188e-02
1.368750353791692298e-02
5.367357732993758429e-02
5.486434994362581960e-03
1.219664357526409337e-02
2.821849853970851470e-03
1.219664357526409337e-02
-1.631978032156555444e-02
1.341198538108464948e-02
3.201076475305431740e-02
-3.172517435555944482e-02
1.216175766168067079e-02
-3.120622825659321448e-02
-2.077792888408597216e-02
-7.459052976845346669e-03
3.191425844808873369e-02
-1.310383964749027054e-02
6.901840226831594538e-03
-1.564887088646646149e-02
1.875813692965606905e-02
-3.257578797776461421e-02
2.619395704274115645e-03
1.015282883181694434e-02
7.565792360572969923e-03
3.619854793033180917e-02
-2.550205147635010994e-02
-2.341167946866853575e-02
7.935573627187568826e-03
2.536254075639970268e-02
-1.774675788936971865e-02
-1.460765315129302321e-02
4.177159355413938464e-03
6.861634523725239354e-02
3.640712254396238912e-02
4.495614534740462187e-02
-5.072922374430785530e-04
1.159184361360643747e-02
-2.236360674340324203e-03
3.582228437501723539e-02
-1.378814888860664667e-03
-1.665908227999942162e-02
-2.105942684883880048e-02
-3.218340357881600139e-02
-2.397301592860390934e-02
1.077634383627211132e-02
-2.940792490116327096e-03
5.834553373292427486e-03
-2.736447866858316823e-03
6.726640324292355866e-03
-4.703511710995938837e-03
9.618418531225164658e-03
-8.110200591695494385e-03
7.525876890253673651e-03
-1.462232700749841602e-02
4.018403837859179512e-02
2.740349683702498346e-02
5.764717218911770413e-02
1.804065109822984916e-02
2.164522402523553699e-02
2.660885974912430979e-02
-3.823864722772837843e-02
-4.780519487127810052e-02
-2.736447866858316823e-03
6.620378687817217792e-03
6.107203620277982040e-03
-1.479511002094349020e-02
-1.939276218631800358e-02
-1.200339960785429955e-02
1.463665243859571877e-02
-2.439097080706652612e-03
3.682881772504307399e-02
1.540213156004477217e-02
4.033086739367009420e-03
-1.176250112506589326e-03
5.278312599588703968e-02
9.705149564849547064e-03
-1.503140874662385607e-02
-2.839823948828875538e-02
-5.125420373576702882e-03
7.232100163309668726e-03
-1.338901076840941142e-03
-1.338901076840941142e-03
2.278501770139756272e-03
-6.960776631367023015e-03
-1.186969239300619816e-02
-4.726113550232088900e-02
-9.513336209477031916e-03
1.839945040521429390e-02
-2.628630265033747408e-03
4.459899829216444449e-03
1.839945040521429390e-02
2.308403154343041316e-02
4.464135997524444274e-03
-2.649669646272362691e-02
2.533610141578877123e-02
3.024989217811931141e-02
1.756523800651554196e-02
-1.919437000876974241e-03
-4.853471268577672082e-02
-1.031881676165733418e-02
-1.260701050551984656e-02
1.056825228538622700e-02
-2.884366205135930131e-03
1.561187153469208340e-02
1.095537295410139826e-02
-1.357596843870494119e-02
3.183663622053624354e-02
-1.136859631098339693e-02
-1.029651762666144652e-02
8.375404132804308704e-03
1.830462013575383587e-04
2.310995087578890383e-02
2.271369642157242477e-02
3.373299861077629080e-02
-1.865871083046584389e-02
4.563539193616582279e-02
-2.598607824962033061e-02
6.442867008475548080e-03
-1.393920397878945991e-02
-1.393920397878945991e-02
1.274364580419278144e-02
2.233206759851793372e-02
-2.908786065320554531e-03
2.082985698806476271e-02
-3.454511286422999594e-02
-3.597005286964152782e-02
1.739822645397401391e-02
8.499359214612364072e-03
-7.074176479703138051e-04
3.267500792711314911e-02
-1.025239104601424062e-02
-9.941112735183367521e-03
9.714487806865519659e-03
-5.851460054286114487e-02
-3.500327384885204562e-03
-1.158129997906838862e-02
3.961169771169363862e-01
-1.897449297756161057e-01
-1.811972559222384954e-02
-1.213154424207363302e-01
7.918125088874779227e-02
-1.752853768442778903e-02
-8.304291677411365646e-02
-1.571794883007735302e-02
5.245613378844574300e-03
5.728268003483409643e-02
-1.721503700979520185e-02
-6.219794628377414702e-02
3.505521293471293431e-02
-7.611446944476571441e-02
-1.258186017034689137e-02
5.604682700054082478e-02
2.099236932671783712e-02
2.304624886799997927e-03
1.051428202281351199e-01
-1.352812915071207045e-01
-1.311120299569841774e-01
3.076571755440219921e-02
-9.721311652418654359e-02
6.835508568347377356e-02
3.294482761608475991e-03
-7.330659245096383947e-02
4.824685056579788162e-02
-1.554166800434818307e-03
-7.715780758283820318e-02
-7.298553916142858089e-02
-6.381639061048209605e-02
6.447571442053678936e-02
2.313352833532677719e-02
-8.449806293491733677e-02
1.384078302047873354e-01
-5.200490385757237238e-02
3.989581908750256672e-02
2.855040208536911359e-03
2.005055141347796693e-02
2.328102119053786570e-02
1.939039051998804955e-02
5.283661826227216418e-02
7.571460038527004499e-02
9.027749371928900368e-02
2.007000979885667502e-02
-4.432187324263742179e-02
6.126739603852134064e-02
4.160819396827211691e-02
-1.229635442749073271e-02
4.238417330043932341e-02
-2.194903413989254815e-02
3.899744114594402150e-02
2.602469598313289847e-02
1.984150438078070150e-02
2.667631981020112883e-02
-4.675561020800061973e-02
7.262512104097685814e-03
5.561088450573779818e-02
-3.587186758391816555e-02
6.002550729085640718e-02
-6.314423594315757282e-02
3.555890267113797493e-02
6.320850845828768216e-02
-1.264601455778362714e-02
6.284544098954628066e-02
-8.583738330021964402e-02
-1.362269210093330352e-01
2.287444037421947074e-02
-1.390370470677183556e-01
2.407479598175392421e-02
-3.370571746639886707e-02
1.159785594685182331e-02
6.094716920384769289e-03
-3.785388914696942442e-02
-4.988907438327247479e-02
-2.524259467272712068e-02
1.685965067066276177e-02
-4.044608136386820818e-02
-2.566505585736238507e-02
3.912544563300421330e-02
6.540742571909396140e-03
-5.409199398334892800e-02
-7.967969841105264350e-02
7.356385369999503265e-03
3.635779245685220179e-02
1.523340423453338477e-02
1.212115058134479173e-01
7.445737482225397649e-03
-9.444458157368251436e-03
3.780331171869342338e-02
-5.489749716194672335e-02
-4.575468317565518223e-03
6.674944943490634941e-02
2.039707736954148726e-03
-4.239600340653063709e-02
6.066987597866061864e-05
-5.115411590727696883e-02
2.341949727024350558e-02
-1.798350243970631840e-02
4.944853352196546675e-02
-4.238251198947039222e-02
-3.279784010843619924e-02
2.654839462580766557e-02
2.283144024795488378e-02
5.785212995183521001e-02
-2.113561726541901553e-02
-1.454692703714393492e-02
2.272315869521871617e-02
1.195782068286614999e-02
-3.373238090662760563e-02
-2.358235560325426181e-02
1.876753028818703081e-02
1.566448591080014593e-02
2.191182324392822872e-02
-4.861747370064790907e-02
-2.613124527554307880e-02
-5.652443167322427665e-03
5.358475981746675838e-03
2.167287451577979383e-03
6.726460531259843834e-02
-9.215894383404210632e-02
6.064796235116442363e-02
2.050367493396119609e-02
1.465508296978699707e-02
-3.754305871913983517e-02
-1.177598327015472830e-03
2.345824520805215099e-02
-7.485045691063394943e-03
1.550180056303349097e-02
1.347369662579246327e-02
5.298683773783512130e-02
-7.300583375725078032e-03
1.347369662579246327e-02
-5.678555530882321845e-02
-4.249485275713585364e-02
7.352828422205863641e-03
2.128630992636492900e-02
-2.527149477493400090e-02
4.115798841362440508e-02
3.115236358080931273e-02
3.496478158548853299e-02
3.746587909739339944e-02
-1.801168098823045360e-03
-2.824112391672457638e-03
1.272117071208095883e-02
8.077659516807804418e-02
2.825825680998965243e-03
-1.584973770011004202e-02
4.879020631815518538e-02
-4.285178241330351440e-02
7.307134946741355996e-02
-9.008094256408433198e-02
-7.642400573287617613e-03
-2.400500295220313763e-03
1.176980068853801242e-01
3.040863227375347963e-02
-9.231817543993950381e-02
5.606442125472510529e-03
2.101874807919415934e-03
6.187443560107535462e-02
-2.706042833420814128e-02
-2.465085368020319967e-02
4.727232276923268306e-02
4.872141587414854924e-02
1.054026863210920199e-02
9.293109478124616043e-05
-4.667188433236676981e-02
-9.831512320568390126e-03
4.718098006572621350e-03
5.402160164675610943e-02
-5.629716768169923391e-02
2.418084623206482112e-02
-6.943553013021275255e-02
-5.060411071494543694e-02
4.665042405762623995e-02
-1.033433574240769787e-02
2.577593320151517695e-03
3.691884832767557828e-02
9.345168601268919253e-03
4.665042405762623995e-02
1.184564744579860371e-02
4.122642229499295582e-03
5.471557612481092736e-02
3.598961357107193643e-02
7.810801903599152995e-03
-3.525703589893237205e-02
-1.772025850125223678e-02
-1.772025850125223678e-02
-2.049497415560913864e-04
4.303499683640403528e-02
3.923192492198310233e-02
3.276344097406784506e-02
-1.416060780210769664e-02
-1.444564453198621777e-02
9.012435206415479738e-02
-7.039310109195721921e-02
-7.671932441894945345e-03
-5.193594788316306665e-02
4.442272690057429835e-02
5.490543806905129331e-02
-2.121210381178631130e-02
5.780346003168324032e-02
2.761221588193333784e-02
-2.030266990402465957e-02
5.490543806905129331e-02
4.480923109238249677e-04
4.656038041903383905e-03
6.281832573910581252e-02
-8.417681354779276912e-03
5.935758883490249022e-02
3.724296063328733780e-02
-2.465646674357821130e-02
-2.912636021095464309e-02
4.794057664044663880e-02
-3.954483230021749868e-03
-5.423988371591662028e-02
3.068082670408550996e-02
-5.064388915748089387e-02
1.597112382700682093e-02
-6.071080492597411699e-02
2.270310519932706994e-02
3.787834851370163510e-03
3.026129827934974370e-02
-2.047736642665631736e-03
4.963298009005765593e-02
1.858879356143181352e-02
2.266529775677137912e-02
8.676269451569117511e-03
8.003405716896064975e-03
1.431668489565010799e-03
3.911284758837949016e-02
1.437825752076381637e-03
1.208453347992138188e-02
6.245927721706115952e-03
-2.588141554198892386e-02
2.853009342505811313e-02
-2.286487742840506709e-02
2.853009342505811313e-02
2.331663336284025417e-02
2.853009342505811313e-02
2.853009342505811313e-02
2.853009342505811313e-02
-4.561313390256162975e-02
-4.648173342411381775e-02
4.977790897294769035e-02
-1.794358365338213218e-02
3.090963954594709226e-02
2.302821657473870173e-02
-1.175926071984606004e-02
-6.417086140542639650e-02
-8.201621044534991578e-02
3.334987462741666880e-02
1.994956913645632227e-02
2.528654429116470453e-02
1.559399198458877832e-02
-3.113008875893133118e-02
3.121814677305616292e-02
4.593276548683161015e-02
3.719144623429107566e-02
4.468605529038802843e-02
-1.545014863300279290e-02
4.264355114792511142e-02
2.824295231462544548e-02
2.108510877872054115e-02
3.710990431419657065e-02
-8.711959028831137153e-04
-4.327292181055200637e-02
-1.902083099987491796e-02
-1.561538394684789874e-02
7.099646482516139495e-04
8.275889561272046016e-03
4.528067371300250298e-03
6.706682100338873763e-03
-3.571324822237674501e-02
1.881519227605306030e-02
-3.836850181774009022e-02
9.458893035613939737e-02
3.967496039948516934e-02
-8.003939413602860140e-03
-1.152917462056287376e-03
2.526623294785127621e-02
4.260412495165172286e-02
1.379043711169433868e-02
7.021618838545888412e-03
-1.219756306393037469e-02
1.213725638798600522e-02
3.154138561339656782e-02
-2.351923823903570576e-02
-3.186428832523809096e-02
2.166217638481779742e-02
4.446784884591084563e-02
-2.856967363284713610e-02
1.430043006644020516e-02
-3.188480440103896862e-02
-2.871224341304630303e-03
3.636564970334144054e-02
-4.140506973300883686e-02
-3.141452201061663979e-02
-5.863018936372534420e-03
-6.736115853207462131e-03
-3.141452201061663979e-02
1.949539567724224709e-02
1.256408523982099207e-02
5.974158417185178142e-04
3.828389335396413518e-02
-1.396817247276014966e-02
5.465729769360640894e-02
3.729046656361614115e-02
3.528505420982761594e-03
6.617423712723098303e-03
-3.696854191361514594e-03
4.816944679853146088e-02
-2.646158549228089241e-02
2.135251106220331999e-02
1.397541644239828126e-03
-7.600143204916970374e-02
3.836848720842717022e-03
3.616464515032521976e-02
-1.148663288307706122e-02
1.889667370601333385e-02
-1.974747192029922480e-02
-1.106206592395535780e-02
-3.090845055911524072e-02
1.081811659154335858e-02
9.965318904955217105e-02
1.081602926045660377e-02
-1.626865954331789543e-02
9.722506525660958021e-03
-7.499650546741390943e-03
-1.429408712302959305e-03
-1.130938460587326694e-02
2.833541083031791002e-02
-5.318682869910278284e-03
-3.692854576992379845e-02
-1.313795515612040284e-02
4.324808733640603947e-02
8.432129046810094009e-02
-5.776537182658410090e-03
-1.009344765806088548e-02
-9.780188430568282840e-03
-3.319562984337070394e-02
3.257442170892545924e-02
2.768647676821680073e-02
-5.187722109540767595e-02
2.850914041709728258e-02
-2.804164088877787384e-02
1.074516437761516806e-02
1.824478553871781983e-02
-3.490109384600017378e-02
8.910217332688378372e-03
-9.950296484201676117e-03
-3.133352096426931382e-02
-3.133352096426931382e-02
3.478242102628687632e-02
2.161639409576400495e-02
1.839900345850888075e-02
-2.208008822014553493e-02
7.535512574308064065e-03
-3.730995177413072572e-02
8.750318563173903330e-03
-2.334244372481752636e-02
2.157321606925222124e-03
-5.313141121184389304e-02
1.581215059317726129e-02
4.177365966030534283e-02
-6.861131740127332165e-03
8.965947184824421545e-03
9.350041665491356374e-03
9.186669857624228316e-03
-8.762055867561941921e-03
1.513894483999344426e-02
1.032723749606258463e-02
5.012417118894021972e-02
9.355563848112676342e-03
2.369822201664059311e-02
-2.314819934160544657e-02
3.454789642517590298e-02
-1.576468593827643622e-02
2.087848458717590783e-02
-1.576468593827643622e-02
-9.254964717498950517e-04
-4.249245118791440678e-02
-1.576468593827643622e-02
-4.713985996765114421e-03
-4.854035964200438535e-02
-1.304002862830233415e-02
7.398545907559357822e-03
-1.576468593827643622e-02
1.538935732554228518e-02
-4.321655892113327423e-03
-1.113428557103323530e-02
1.295695329742928845e-03
5.080960824201306847e-02
7.460661851725209834e-03
1.276326028486090558e-01
-1.755049944964827066e-02
-6.467878537295523866e-03
-4.928455475349004244e-02
-2.109669458111416637e-02
6.080801056851815184e-03
2.984995788641982978e-02
7.100873348981654939e-03
5.815926766542890702e-02
-2.075298321809435076e-02
-2.493775903444274411e-02
3.722367983540447733e-02
2.151955977178561172e-02
-6.372051417717775057e-02
-2.231647200802892340e-03
-9.579803253518487036e-03
-2.123228604348051211e-03
-1.905153327399650154e-02
-2.123228604348051211e-03
9.619757692412191433e-03
1.194182749221714759e-02
1.872147654355095503e-02
-3.467592969947062842e-02
9.076563740676389311e-03
-1.573689351704949183e-02
8.213641885445313248e-03
-3.737876214949917980e-02
4.816651665778407670e-02
-2.816250591474440956e-02
1.753077784894753119e-02
-2.912761927287311754e-04
9.822323782428326114e-03
3.824622252585618831e-02
5.396429989167053284e-03
1.272746102378890035e-03
-4.896560562080040646e-02
-1.123264058992774934e-02
6.453381537057521766e-02
-4.211647285236001792e-02
-1.849111193146658547e-02
-1.444658769596556848e-02
4.904483097040203410e-02
-1.431080729686867378e-02
1.000030764944496130e-02
-2.352497371282305516e-02
8.411928665834015467e-03
1.082239461150323184e-01
5.697515457263453015e-03
1.224508702700842916e-01
-1.519452126019870536e-02
1.521828365984704418e-02
-4.756313197565887468e-02
-1.789993659748542049e-02
3.698233064991212488e-02
2.927601467086241721e-02
2.067838677975511463e-02
-1.285563074312152422e-02
-7.661764349445641421e-03
2.305360284840529857e-03
-1.901811919071126275e-02
-6.868766693184818681e-03
-3.318528372043510859e-03
-3.351980929639307438e-02
-2.379692066013673959e-02
2.148120335073561496e-02
-4.890497254185674492e-02
2.521629590545359026e-02
2.273964439191028183e-02
2.568603200244312310e-02
-1.913105812725623966e-02
6.066500491545618289e-03
-1.074617895063420883e-02
5.565518161751650469e-03
-1.085174084240172684e-02
-1.901811919071126275e-02
-7.368705657090549206e-03
1.349043395765457502e-02
8.346895822690362024e-03
-2.810049844304269781e-02
4.205222911371081507e-02
1.247209267103811976e-02
2.234533325981302720e-02
4.216986550217224905e-03
3.950529185152937967e-02
2.350319408650480488e-02
-4.239540930147785852e-02
8.122688966818484083e-03
4.412098732902428044e-02
-3.038777436799373899e-03
3.283969108258979336e-03
-2.283245137407275901e-02
-1.035234144414778033e-02
-5.363413903287106606e-03
-5.363413903287106606e-03
-5.357762577443844071e-02
1.725453874624657477e-02
-3.213814812986538066e-02
-4.830290527640816040e-02
-2.027958982871220367e-02
1.549966702111064791e-02
1.848633500111448655e-02
-1.216105795928903131e-02
1.549966702111064791e-02
-5.032337299115632228e-04
-1.021784977579168370e-02
7.159895980377556206e-05
-1.459302042880819723e-02
3.134160042629328263e-02
1.119076115460792588e-02
6.271171523092772954e-03
2.139994564380593139e-03
2.185505729418829937e-02
4.634405978031864298e-02
-2.792131991239214447e-02
1.511272146901366728e-02
8.448621094589429947e-03
-2.771406564319626314e-02
-2.242442599405108927e-02
7.158618553768224257e-02
3.929426649569348756e-02
-3.570776316644908542e-03
-7.162910939000588853e-03
2.772125951616052214e-02
-1.920236781383798802e-02
-1.587923573524320162e-02
5.272390889655367147e-02
1.816866400417955010e-02
2.265810068695727972e-03
-2.821619361851350136e-03
2.259610677584746388e-02
8.975514520523497977e-03
8.975514520523497977e-03
1.447871251841247563e-02
-3.240906580115096147e-03
-3.821708127025022494e-02
2.400765138546601812e-02
1.566201955631194367e-02
1.663444025921061858e-02
-3.476874907278760824e-03
4.708635386447441312e-02
-6.794276321649132465e-06
2.759553835479828035e-02
2.577089635845760188e-02
-1.091459593160798783e-02
2.102625451447800650e-02
-2.805135117895542554e-02
-5.103908094154056135e-02
